Seq,label,is_Train,0,1,2,3,4,5,6,7,8,9,10,11,12,13,14,15,16,17,18,19,20,21,22,23,24,25,26,27,28,29,30,31,32,33,34,35,36,37,38,39,40,41,42,43,44,45,46,47,48,49
NKLTNKLPDLWRKIESINQQLLPLGNISDNM,0,True,-6.7762675,4.0701,-1.8691354,8.233569,0.92523503,-0.025447533,0.14920497,-5.561077,-10.758397,4.3458047,-2.6911905,0.15409476,-4.3642473,-2.7300391,0.08649323,-3.4810228,3.5304635,0.8054005,2.6329958,-6.4596314,-2.0536008,3.2438996,1.619439,-2.5149553,-3.0563874,-3.4988134,3.005019,-3.8467498,4.8359027,2.7055163,2.4282563,-2.345802,0.32587025,-0.2751867,-6.381648,3.1199589,-9.892423,0.24878079,2.6193397,-5.659423,4.528758,-0.55824137,-0.8020761,-0.5865208,1.4655347,-3.9483836,0.849275,6.120804,-2.1846528,7.2250814
DVSPPLGQHETGGSPSKQQMRSVISVTSALK,1,True,-5.7315755,4.6203785,-1.1848161,8.677388,0.09393515,-1.4912803,-3.8382146,-4.6908293,-10.581153,4.0487347,-2.0392885,-0.63979673,-5.362879,-3.8997731,1.2358716,-4.94081,1.6298555,-2.9510913,5.044924,-9.14774,-3.3808575,3.8359156,-1.9597933,-1.1739644,-2.0091224,-6.031486,-1.0439112,-5.125516,6.565115,2.2434676,2.8350933,-0.24262817,-2.0202935,-0.29164857,-4.6328745,3.364156,-10.036021,0.560815,3.7707539,-7.1359997,3.4565966,-0.14319552,-1.7787784,1.5478702,-0.35617667,-2.2950623,0.2790122,6.8411555,0.819319,3.5093193
STSDKILATSKDSKDTKEIFPSINTEETNVK,0,True,-6.7161274,7.74866,-2.451683,7.6715474,1.4139204,1.5323539,-0.013898753,-5.366334,-8.401003,4.124962,-3.5325418,1.1604283,-6.1606135,-1.5170375,1.0379483,-1.5465734,2.431976,0.97277343,2.0784924,-6.5709844,-3.103615,4.6653237,4.042527,-1.8191667,-4.977907,-4.9552383,2.4350812,-4.196381,7.674582,2.7015064,2.183743,-2.7867277,0.5145709,2.1645281,-6.5561666,0.9611087,-8.476067,-0.14721227,3.75375,-7.1469173,3.787112,-1.0300586,-0.84433633,0.8524562,2.6596558,-3.6985714,-0.29026818,6.7429676,-1.5125709,5.739307
QAQEELAEMKRYAESSSKLEEDKDKKINEMS,1,True,-5.3671365,3.3363183,-3.8224874,7.202252,0.80089647,1.0423253,3.2369552,-5.010275,-9.40699,3.7513802,-4.2177176,-1.023947,-3.97079,-4.9575806,0.456012,-1.8098676,2.6550753,0.5935697,5.227165,-4.8460875,-2.800279,2.7281299,0.9252834,0.41717237,-4.389448,-4.059799,0.6472142,-5.584963,7.1047707,2.250788,3.3867674,-3.3295188,-0.27923727,2.6901026,-4.128621,6.6265144,-9.404648,0.9922993,5.894631,-7.034233,4.088885,-1.4913784,-0.15913436,0.42676458,2.0611577,-3.5584745,0.38382778,6.0415726,-1.4691491,4.780831
RPLERRLSPGSDIYVTVSSMALARSQCRNSP,0,True,-6.229327,2.152887,-1.4337919,8.106487,0.90951645,0.51869637,-2.017576,-3.3699074,-8.302567,4.23939,-3.2303526,-0.52602446,-3.1850343,-4.707806,1.8072709,-5.7710814,1.7058649,-0.2534817,4.998969,-8.219465,-3.5688596,3.641067,-3.0951438,-0.43126047,-1.4272228,-3.4936242,-1.6717037,-5.4551964,8.215782,1.5323944,3.318142,1.0225202,-3.4377866,-1.0971068,-5.8089604,2.085215,-9.692674,-0.1439452,4.874462,-6.7433224,2.7856467,1.0719165,-1.5919448,1.7343835,2.9933312,-0.81599677,-0.008890361,7.905494,0.6447539,5.4624877
IQDSLDLFFRAEELEYSCEKCGGKCALVRHK,0,True,-5.9720984,1.5687759,-1.1170624,7.240942,-1.3922832,2.7215571,0.03805714,-2.4387026,-5.9950705,4.7873526,-3.7813017,-0.51296866,-4.8561063,-2.3578973,1.9665731,-6.396171,1.8594909,2.2198384,4.309888,-7.4465647,-1.9905927,1.1125578,-0.7956324,-2.0454261,-1.8446081,-3.3049383,-0.27744976,-4.2927637,8.872898,0.14044537,3.1851695,-0.3204444,-3.742401,-0.18916366,-4.524927,3.3513918,-10.353205,-1.2445492,6.481468,-7.5284567,4.2772684,1.5778134,-1.3805007,-1.1603955,5.107735,-2.4429939,2.3092706,8.160802,0.0048382543,4.806982
DKLQAKSPKEAEADLSFDSYHSTQTDLGPSL,0,True,-6.222312,3.1452763,-2.778147,8.1154585,-0.39691505,-0.04709264,-1.2190856,-4.0747495,-8.580177,3.8713326,-2.244505,-0.16017568,-4.051941,-3.4177184,1.4616201,-4.1201553,2.859069,0.6759041,5.544929,-7.276459,-2.571395,3.5205822,0.20115006,1.1045091,-3.3293273,-5.1670322,-0.52882993,-5.915587,7.3067236,2.1628363,3.3450484,-1.4796973,-3.355425,0.6398111,-4.9892125,2.6885493,-9.702675,0.3567026,3.7791123,-6.6325727,3.72269,-0.1764769,-0.52905947,2.2598743,1.6436679,-2.2764764,-0.28428814,6.654125,0.0883697,4.418271
PKSAAIGGKSNAGRKTSLDGSQNQDDVVLHV,1,True,-6.5965686,5.414103,-0.8216813,5.241226,0.8974526,-1.7827969,-3.0670044,-3.5272675,-10.464381,4.215023,-3.6596878,0.9929287,-4.472031,-3.9437048,0.8863907,-7.104185,1.8681095,-0.8237454,3.1270661,-7.03439,-4.1269956,4.907158,0.7892335,-1.2879438,-1.6753032,-5.3895283,-0.0849753,-5.0768113,7.2314777,2.5613112,3.3533752,-0.550056,-1.6102875,-0.44062412,-5.5736284,3.01021,-8.804376,-2.1021502,2.704204,-5.94112,3.7633445,1.7859542,-1.2825047,2.043998,0.06773152,-2.3752198,1.8823087,7.9974174,-1.3031055,4.2952952
WMSSAMSTKPTGASPSITLGERRTITSAAPT,0,True,-6.3208714,5.8666,-1.6565009,7.091112,1.8522695,-1.5306066,-4.899007,-4.486306,-9.498486,5.138189,-3.1968882,-0.8859278,-5.052559,-4.4224334,1.4281869,-5.477372,2.7181473,-3.1755505,4.5588803,-8.312782,-3.8070114,5.8324785,-1.488977,0.87160254,-0.087658584,-7.0045905,-2.4421802,-6.588164,7.1363034,1.7751195,2.344651,-0.7694468,-2.4581914,0.91786146,-6.892645,1.0537608,-9.931056,-1.5419724,4.34434,-6.91965,2.671112,0.19918627,-0.6767411,3.439857,-0.42233956,-1.1284533,0.07839677,7.147963,-0.24596423,3.8488424
MAFDRYVAICNPLRYSVIMSKAAYMPMAASS,1,True,-5.2453938,2.3671336,-4.015766,6.8536205,0.10529821,-2.2745256,-0.5296289,-2.4122107,-9.40871,3.8312688,-0.124461845,1.1975727,-4.9257812,-2.7439418,1.4360495,-7.248738,0.36016315,0.25989708,3.5751245,-7.57643,-1.9628234,5.804974,-1.0698187,-1.9930804,-0.6475144,-6.097759,2.139766,-5.236216,6.962188,-0.52817637,2.9774337,0.94464165,-2.4139912,-1.4656389,-5.9633203,1.5803974,-9.59229,-2.7920086,5.649469,-6.7372837,5.3124804,2.6434562,-3.311813,1.2898959,0.27423668,-2.219603,1.9382039,7.006662,0.55229276,2.276728
KEKVAPLWHSSSEVISMADRTLETESHGLDR,0,True,-4.7127285,3.8555484,-3.6501687,7.7505765,2.1096637,0.39326438,-1.0919353,-3.9863312,-8.759928,5.6823053,-1.4185077,0.7834268,-3.826512,-3.938373,1.4467824,-5.788244,1.9390067,-1.3015224,4.697169,-6.431566,-2.245984,4.263911,-0.5893396,0.055132896,-2.3811972,-5.2615356,-0.15714194,-6.429011,7.4423304,1.7236083,3.3673255,0.79441154,-3.7372522,-0.5581757,-5.505235,1.7552838,-9.481139,0.9269619,4.446724,-7.2353106,3.4586608,0.38337278,-1.1168315,1.7682837,0.8356615,-1.5683167,1.1019391,6.5267434,-0.8390638,4.311014
VSSSKLFSSSTAPHETSFGEEVEVHNLLIID,0,True,-7.1805115,5.7516413,-2.4928901,7.434601,2.5054955,1.0720421,-1.3605947,-5.0952797,-10.087776,4.3050413,-3.1187181,2.6577218,-5.009667,-2.2559628,1.0474541,-4.0221906,4.1138105,-1.0626656,2.047786,-7.2863674,-4.520693,5.9051065,1.7615117,-0.68992513,-3.320575,-5.5940723,-1.2094606,-5.5037427,7.064161,2.1742227,2.6678424,0.79649305,-1.7537315,1.9884397,-6.385088,1.5582805,-9.564593,-0.023738869,4.6094537,-6.7022066,3.2458403,-0.3162585,-1.7829576,0.3578731,1.9279835,-2.0515237,-0.3561189,7.1824183,0.71387124,5.0085835
TSVPTPTLAKITDMDTNLEPVTRSPQNLRNT,0,True,-5.312784,4.7104397,-2.2198224,7.706103,0.7642953,-1.6362181,-2.2173114,-5.3858476,-8.729346,2.6551342,-3.1241097,0.87971544,-4.760403,-4.6761823,1.8771341,-5.308657,2.685699,-0.95168525,3.7727594,-8.786454,-2.4724772,5.0406494,0.96028906,0.2906983,-2.9282494,-4.9576464,-0.67349917,-4.6951284,5.671017,1.1987448,3.8145955,-0.81430227,-1.4049522,-0.16141179,-7.928258,0.22047192,-9.345953,-0.054470968,3.320072,-6.3340263,5.1444917,-0.38139614,-2.0275605,1.2505146,-0.25250933,-2.6932383,-0.6220678,7.6731534,0.786021,4.9778023
DAEAQGKSSEVSLTSSVTSLDSSPVDLTPRP,1,True,-6.031802,4.0479198,-2.9307315,8.607571,1.6161132,-0.626465,-3.2617207,-5.3653708,-11.098135,3.7426512,-4.4575157,0.8609321,-4.458209,-3.1514177,1.9369671,-4.74419,3.1008193,-1.2263108,3.9619322,-7.9854765,-2.7760015,4.7071037,0.073079586,0.58204454,-1.7306242,-5.059367,-1.6995089,-6.135098,5.7279444,1.5887352,3.5146477,-0.11261632,-4.039194,0.59629434,-5.6727657,1.8434573,-9.522276,0.16896603,4.2654905,-6.877585,2.499875,0.4537552,-0.73975646,2.2712226,1.7999811,-1.8737539,-1.1068033,6.8886533,1.5701379,5.0146904
VFICTSPIKMFKYCPYEKYAWVEKYFGPDFL,1,True,-5.1264567,4.640304,-3.9565866,8.275005,-0.3869171,2.1639497,1.2444388,-1.4960947,-6.3215103,3.4727046,-2.6948292,2.1068666,-5.845403,-2.799243,2.8172626,-4.4131494,4.238814,2.7486818,1.3237212,-6.9598236,-2.8723376,2.5009825,1.6403058,-0.39108247,-2.7100472,-2.249551,1.3811662,-4.5157433,7.3498693,-0.17899099,1.1451167,-0.3960932,0.20556171,0.07564624,-7.194532,0.84607387,-11.470967,-2.3976114,5.6875806,-8.036835,3.8338518,1.4957138,-2.1346445,-1.705714,4.117072,-3.697208,1.1533855,8.219301,-1.3400129,4.0423884
SKGLDIFSAFSSMESTMVYSCSSRSVVESDE,0,True,-6.5364647,4.793898,-3.043613,7.056019,2.089105,2.2673194,-1.4520293,-3.9991462,-8.965201,5.087849,-2.7090213,1.1010578,-3.6237476,-1.6508286,0.80665046,-5.460721,1.8910505,0.055763647,2.6784391,-8.189859,-2.882177,3.4684584,-0.29773062,-1.2565887,-2.0713863,-4.196553,0.2606265,-5.1536884,7.407582,3.5194628,1.93136,1.0844733,-3.0555282,-0.044224843,-7.1103306,2.7042503,-9.243973,-1.2986532,6.3227553,-6.8798428,3.2403228,0.7346309,-2.0197914,2.1963735,2.5761728,-3.29891,-0.24073778,7.306517,1.7135596,5.789567
ITVGKETMKKVLDTCTIRMNLNLPARYFYDL,0,True,-5.424725,4.6968007,-2.733535,5.831885,-0.85178024,1.5492198,-0.72516775,-2.0196898,-7.6096363,3.5595374,-3.0320394,0.32343325,-4.0988965,-2.5098023,0.6505567,-4.827104,1.5947397,1.2291471,2.8267694,-7.302922,-2.0038033,4.047986,0.5611123,-0.15248841,-3.1335378,-3.2105856,0.48116416,-4.870335,7.396429,0.75931925,2.9381394,0.24167229,0.033014894,-0.81016403,-8.082761,2.138056,-10.182801,-1.6390532,4.888226,-7.564127,4.75113,0.30320263,-1.0108204,-0.18162905,1.1537104,-2.5392268,0.3454866,8.568706,-0.2189901,3.8567553
SMICLAIDDDNKTDKTQKISKKLSFLSWGTN,1,True,-6.872365,5.97763,-1.8834822,5.622764,1.9848975,1.476001,1.4000611,-3.516437,-10.050118,5.179278,-2.2423544,1.2275916,-4.708653,-1.7555035,0.14176941,-4.306964,4.023413,2.1989658,1.7009445,-5.03214,-4.780243,5.057882,2.0659683,-1.426343,-2.5901392,-5.1294622,2.5373602,-5.0726123,7.120076,2.615798,1.5046763,-2.1901565,1.3710498,-0.49802607,-5.980094,2.1586072,-9.004288,-2.9497836,3.4202843,-6.669198,4.443769,-0.20789176,-2.063118,0.9743788,3.304718,-4.544137,0.8315936,6.827447,-2.4898038,5.887454
KGACPVFECGNVVLRTDERDVNYWTSRYWLN,1,True,-6.062881,3.7324924,-1.071437,7.153999,0.53556377,-0.015403703,0.4216568,-0.86102617,-7.377965,4.139634,-3.2467656,2.3586025,-3.0854325,-3.5560107,1.4257932,-6.9162483,3.1532073,2.8854074,0.93360454,-6.645273,-0.8339413,2.4583974,-2.1547725,-0.40281388,-1.836296,-3.4933517,1.1723225,-5.8716254,7.946621,-0.55901605,2.363763,-0.17251466,-3.7647862,-3.3688917,-7.0569158,1.7569107,-10.390684,-0.24120197,4.1169367,-8.553258,5.5253534,1.8056,-1.4203697,-1.5017799,3.0593348,-0.992348,1.7525295,7.7454033,-1.2778938,2.6110506
ISSIQGKMSIPFRSAYAASKHATQAFFDCLR,1,True,-7.4586377,3.6897027,-2.007408,9.105858,1.4503541,-0.367158,-2.2502162,-3.1244755,-9.500434,5.7860007,-1.3845814,-0.69104064,-3.8080926,-2.6641989,0.63560116,-5.804108,2.0871356,-0.033147007,2.5356598,-7.4431424,-1.9346218,5.344711,-0.75323296,-1.0117642,-1.4431129,-6.1516976,1.112484,-4.517406,6.293263,0.73522353,4.061702,-0.6093123,-2.4935174,-0.56999165,-5.3674226,0.94062746,-8.871736,-0.8638897,4.0495815,-6.859669,3.315019,0.75466,-1.2134261,0.4201858,1.7750518,-1.654192,1.5021648,6.514687,-0.039692864,3.8346934
REFEDSTLKPNRKKPTENIIIDLDKEDKDLI,1,True,-5.7798696,6.2094665,-3.8614686,7.128643,1.5198785,1.4339099,1.5542698,-5.003666,-6.700767,2.8161526,-3.7292001,1.1696496,-5.538143,-3.182666,0.18024844,-2.0382187,2.912733,3.467523,1.8223243,-6.317684,-3.5862117,2.9234846,3.3382204,0.56190985,-4.389798,-4.0373583,1.4033263,-4.0697017,7.86344,2.3915036,3.0977411,-3.0117989,0.49406612,2.1976964,-6.6631093,2.5263453,-9.395754,-0.08538307,4.9199696,-5.8097453,4.3841753,-1.1813234,-1.212767,0.62460333,1.9635593,-3.785402,0.5272437,7.768361,-1.2850839,6.253415
EKIKQVNERATLFRITSNAMINACRDFLMLA,1,True,-5.8717613,3.605999,-0.6816674,6.044056,0.39134896,0.70657164,-0.6916536,-2.499992,-9.355878,4.332488,-2.0461895,0.049353734,-4.079989,-2.6667664,1.2335202,-5.6488576,3.1426432,0.5317469,4.1584396,-6.392245,-1.3469493,5.0490313,0.08504483,-0.9422597,-1.9393666,-5.4722385,2.6000075,-5.4455733,5.7984204,1.4333926,2.7760746,-1.0705885,0.1843454,-1.7007478,-6.18544,2.2152753,-10.164773,-1.5780098,4.15955,-7.906056,3.5854757,-0.047733374,-1.0778404,0.014528636,1.5020013,-2.1287293,2.5300596,7.2985425,-1.4174418,2.9698315
MFKSSLLLDLIKGMKYLHHREFVHGRLKSRN,1,True,-6.300853,2.9552882,-2.0636818,8.826402,-0.0497963,1.4502645,0.1495448,-4.1604705,-7.082862,4.6471276,-2.3655763,-0.671182,-4.022478,-3.143148,1.4012977,-3.6251256,2.1125147,2.0872233,3.433247,-7.9206996,-2.7827137,3.617904,-0.5202303,-1.7954535,-2.4613981,-4.3039737,1.5366524,-3.3975737,5.9831233,0.59968674,3.3019567,0.22055885,-0.9627805,0.048934452,-7.4940543,3.2880394,-8.491286,-2.1653244,5.0772967,-6.6090746,2.174622,2.0517228,-1.9038496,-0.39462727,2.6182168,-2.5913727,2.290549,8.405921,0.038043723,5.308996
LMVLEAYQKYLAQKPYAGILSESMKQVSYLA,1,True,-5.394852,2.7272806,-2.3838916,8.122837,-0.442778,0.07643223,0.8475389,-3.0391824,-8.909949,5.064707,-1.9586273,-0.08250462,-3.0765393,-3.7014544,1.8178108,-5.5973067,2.7797894,-0.054366916,5.406002,-6.931721,-2.4318707,4.195026,0.5569617,-2.1261916,-3.120289,-5.726292,2.261446,-4.4217424,7.38752,0.3282071,1.8036687,-0.024753481,-1.4337795,1.0803154,-5.461129,2.895212,-9.60324,-0.6954461,4.3855696,-6.6669154,4.43931,-0.11362164,-1.0288632,-1.2327265,1.2362585,-1.6939406,2.4311924,7.2361207,-0.87519485,3.8209467
SDAEAQGKSSEVSLTSSVTSLDSSPVDLTPR,1,True,-6.0479784,4.026295,-2.5976207,8.037624,1.797914,-0.48767573,-3.0012465,-5.497639,-11.089538,3.9232297,-4.542878,0.8334245,-4.3238335,-2.7661047,1.8166052,-4.7837324,3.1951325,-1.065395,4.0200033,-7.68455,-2.8028038,5.0795093,0.4347436,0.77157223,-1.5874474,-5.169735,-1.3146312,-6.2328825,5.8370123,1.7751625,3.3884962,-0.13899964,-4.156032,0.50696486,-5.343077,1.8439527,-9.450529,-0.16234162,4.2222805,-6.7924466,2.7703068,0.48137218,-0.63150716,2.41773,1.9691886,-2.0520072,-1.122129,6.9623737,1.3489871,5.0760627
FFLFIVFVVYTLLPFSMRGAVAVGAVSTASH,0,True,-6.9274974,4.3912873,-3.0026684,6.0376425,2.7921877,1.7003951,-3.6647348,-0.36504424,-11.931094,4.671033,0.29515636,1.1454163,-3.2038257,-1.8384801,2.6634011,-10.121093,1.8396257,-0.878431,3.3477654,-7.8108034,-4.301026,7.564528,-1.2155759,0.27306345,2.459879,-6.3624244,0.41320765,-6.3186235,7.0450134,1.5746368,4.933903,0.8520084,-0.87745166,-0.69518524,-5.6558347,1.0317475,-11.102665,-2.5200896,3.6093278,-4.980723,3.9608986,1.7964748,-3.1545405,0.3240205,-0.40723968,0.045758095,2.4126647,7.7299805,0.020979483,1.5313902
RKSQVCPYNSVEFQCSRKASLYDSEGQSFGS,0,True,-5.897642,4.003885,-1.7897303,7.569689,0.16333327,0.95618314,-1.259523,-3.3659122,-8.019037,5.017894,-3.4808095,0.8935302,-4.9641833,-2.2671578,0.9414195,-5.078064,2.4155962,1.2527201,2.9975345,-7.010552,-1.8389373,2.5023317,1.0263748,-2.035296,-3.0931282,-3.2102249,1.1496416,-4.106945,7.753226,1.8839403,2.4437742,-0.2419467,-2.7975266,0.09127599,-6.272772,2.4560392,-9.610827,0.120776765,5.260129,-7.581317,4.977981,0.57915276,-1.3738227,-0.079133496,4.53238,-3.0262668,0.009893611,7.8678527,0.590724,5.2507114
ASKENAPVSMTPAETTVTDSHTPGRTNPSFG,0,True,-6.6123915,5.7850733,-2.7577672,7.5503373,1.217735,-2.334856,-4.9528213,-5.351607,-9.05325,3.656975,-2.2003865,0.16308169,-4.4097238,-5.253874,1.9318633,-5.0972776,1.8438824,-0.6779959,3.1163077,-8.523129,-3.6115992,4.340941,-0.33957946,1.5510279,-2.0929992,-6.338851,-0.9729679,-5.2431307,7.912701,0.6424429,2.9904294,-0.8363849,-2.6757698,-0.631521,-5.734218,1.7633896,-9.090593,0.86294127,3.9790382,-5.7634335,4.4412594,1.0075202,-0.9831182,2.0569863,0.28617114,-2.7167368,0.4119611,6.675642,-0.60292035,4.3684897
NAHLVAAFEKSLGNMTGRLQSLTMTAEQKES,0,True,-6.584401,2.740288,-1.7859747,7.8465447,-0.016319659,-0.7193341,-1.0779634,-3.5326383,-9.31597,4.0008163,-1.3198663,-1.1152412,-2.524156,-3.9072611,1.633402,-5.6735597,2.044087,-0.77493113,5.618149,-5.244765,-2.6317859,3.6663597,-1.0258498,-2.1799169,-2.5953963,-6.3760347,0.6980529,-6.4656544,6.430321,0.6217678,4.1514564,0.20920727,-3.2918198,0.3345001,-4.1982346,2.1309104,-10.0402155,-0.7195816,3.6878507,-5.6726103,4.3554277,1.1244613,0.43116078,0.67153716,-0.16109093,-1.4532,0.59039086,7.1994653,-1.6546717,4.809335
SPPNLSSITHERPATYKDTAHTEAAMHHSTN,0,True,-5.7454214,4.9276624,-1.653993,7.5865426,-0.031349607,-1.130885,-3.1431534,-4.6506953,-8.811908,4.9725266,-1.5964999,-2.1559465,-3.641391,-4.462232,1.3982341,-5.2425823,3.2402647,-0.52703243,4.849631,-6.969697,-1.9738789,4.716414,-0.0050259903,1.2598206,-2.6128058,-5.781926,-1.8062501,-5.624583,5.4924455,1.0947986,4.1970835,0.30981126,-2.7722292,-1.7932976,-7.5681076,1.6231166,-9.456663,0.35088116,3.882335,-9.212342,3.4328341,3.0785124,-2.0416403,0.68726665,1.3563908,-3.3995895,-1.1048791,6.730336,0.43361905,3.6707935
NSPANLSSTSVEILATSEVTTDTEKTHPSSN,0,True,-6.2587976,7.202366,-0.9970546,7.0181828,2.1502075,-1.1095269,-2.819642,-5.0037003,-10.469812,3.9103804,-3.3162274,1.4605561,-5.683237,-1.4733657,1.9365195,-4.0751634,3.6482317,-1.750896,3.4850516,-8.140355,-2.406465,4.185697,1.1018739,-0.20469119,-3.2812905,-5.92865,-1.346957,-5.1358137,6.5426464,1.9598029,2.752555,0.019488882,-2.2058825,0.98718095,-7.116331,0.5001244,-8.832734,0.11102034,3.9936287,-9.2074995,4.047104,-1.1669858,-0.98616725,3.2150476,2.8661609,-2.4761257,-0.5104719,6.8824935,-0.2186148,4.906699
RTEAPESKPGSSSSLSLRERWTVFKGLLWYI,0,True,-5.478261,3.574905,-3.2400389,8.494306,2.4703703,0.123188496,-1.6532352,-3.6131074,-10.905839,5.0656743,-3.9969285,1.0103341,-3.9235845,-2.9368026,0.5100244,-4.464199,2.2670863,-0.023242235,4.98034,-8.02684,-2.8434381,3.7810986,0.084055565,-1.1023241,-0.8493245,-4.738302,-0.18914081,-6.215013,7.253564,1.3861204,4.684165,1.1111633,-2.8399277,2.1970017,-6.3053274,2.074435,-10.979429,0.81940985,4.3915596,-6.271246,3.2030292,0.5053383,-1.6261905,2.4529533,1.7801007,-1.8283597,-1.083084,6.8297267,0.36765438,4.3454256
CAKDFKIPMVLHLFDTLHALCNLLVVAPDNL,0,True,-6.166992,3.7841766,-1.870451,8.538252,0.9395334,0.17803107,0.032629382,-1.0021329,-8.913083,3.5815303,-1.8714814,1.1270164,-3.969641,-1.475346,2.537147,-7.370136,3.4131403,0.9310715,2.7152736,-7.239584,-2.2505105,4.7627788,-0.22364761,-1.0229981,-0.5985371,-4.430916,0.013378385,-6.138798,7.1474333,0.22327046,2.8210084,-1.4123334,-2.0332286,-0.9502826,-5.3121395,1.3132517,-10.300636,-1.1121671,3.7486339,-5.8604755,4.4297457,3.0210395,-3.715552,-0.14880757,0.5796652,-1.8107921,1.5971746,7.8747325,-0.9895239,2.9277956
GEEEAESAARQPLIRTEAPESKPGSSSSLSL,0,True,-5.777563,3.646915,-3.2249,7.0968795,1.7890161,-1.0124216,-1.4992136,-5.027977,-9.928871,3.7761636,-5.3665376,0.92452765,-5.619139,-4.2921376,1.2958784,-6.327146,2.2070727,-0.46019536,7.180715,-6.737133,-2.5924077,4.604486,-1.7061749,0.76484215,-2.6496334,-4.863601,-2.9429805,-7.623402,8.140161,2.4266245,4.3653574,1.0656662,-4.9827604,2.4552581,-5.1111207,3.8091664,-9.570854,2.3583214,4.3524313,-6.7377124,2.4887836,0.13419107,-0.27659917,3.148422,1.2742659,-1.6773565,-0.97891533,6.194048,0.49402317,5.1811404
STREKASTVLSQIVASIQPPQSPPETPQSGP,0,True,-5.405047,4.100376,-1.8516388,9.423263,-0.22955883,-2.884706,-3.775045,-5.156718,-11.736368,3.1590605,-2.0107148,0.31091172,-4.8733444,-4.5467343,1.5863646,-5.356956,4.4214916,-1.1278387,4.4555798,-8.034599,-3.033771,3.4093318,-0.31648707,-1.5083439,-3.5242395,-5.127822,-0.99439126,-5.97465,4.7800007,0.2816258,2.7307785,-0.47931546,-4.216801,1.5188456,-6.1191096,1.5585198,-10.699091,2.8775702,2.5382192,-7.4653535,3.9185236,0.12777072,0.52916455,1.6250949,-0.5590463,-1.9795921,-0.8552576,7.0774617,1.3196024,4.117897
SQLPGLLSHGLLAGLSFAVGSSSGLLPLLLL,0,True,-6.980658,2.9989533,-1.529169,7.8345976,2.2181613,-0.04052937,-5.087413,-3.2142792,-12.238498,6.131503,-2.0842478,-0.7817351,-2.4836788,-2.619162,1.130054,-10.48194,0.9351578,-1.4122896,5.7492743,-6.725086,-4.364597,8.558439,-0.56415653,-1.2828573,2.6788297,-7.012274,0.32945582,-7.423284,6.1824546,2.7208958,3.5369833,0.9950943,-2.7326944,-0.05989185,-5.691582,0.035909217,-10.880854,-0.84611464,2.2052026,-4.672177,4.094292,2.8493643,-2.952567,0.66010547,0.96768034,-0.09464239,0.064392194,7.389901,1.6828095,4.143011
CKWVPFLQQKVSIPLTEGLDLISMLTDDATI,0,True,-5.949692,3.1935656,-1.9886256,7.569043,1.5890704,0.2401985,-0.8295629,-2.6815875,-8.751217,4.4280705,-1.3349478,0.63848925,-3.6976287,-3.11873,1.357933,-6.3410287,3.2190506,0.45015234,3.261417,-6.827052,-1.6551775,3.8129358,-0.08658647,-1.1083204,-2.0897512,-4.205729,1.6915255,-6.110746,6.892173,0.8912283,3.4829695,-2.2918975,-2.4147782,-0.33928996,-5.457959,2.8514936,-10.262457,-0.19933057,3.1504374,-6.869636,5.0934205,0.11708712,-1.2406402,0.5278359,-0.7995482,-2.3491569,0.122270115,5.960389,-0.91568416,3.8802133
DQHEPKKVADLGCGDTSLLRLLKVNPCIELL,1,True,-5.8676076,3.6270978,-1.5972042,8.48787,-0.44223508,1.8369441,-1.1200438,-2.479363,-7.4749064,2.8957343,-2.3510847,0.3344764,-5.2604084,-3.2486136,0.53121805,-5.717611,2.4805036,1.0523955,4.097509,-5.6590242,-4.388865,3.5762486,-0.74589866,0.73321784,-3.4017003,-2.6398642,-0.95397484,-5.037894,7.41803,0.76780266,1.2689912,-0.39275342,-2.4388614,-0.89386165,-4.5999656,0.9137556,-10.148981,-0.7320593,6.0713587,-7.0807543,4.7745647,1.2037643,-1.5505831,-0.563329,3.4823217,-2.1266189,1.5489393,8.823626,-1.3623576,4.5169077
EKEAQISSAIVSSVQSKITQDLMAKVRAMLA,0,True,-5.12961,4.5373898,-2.5741498,6.477916,-0.24082412,0.20269172,0.11423582,-2.1464067,-9.671046,4.5268497,-2.7093816,-1.6312547,-3.334833,-3.7362232,2.070845,-4.761901,3.3700483,-1.3691303,5.544424,-7.1713066,-2.3598623,4.924452,-1.9247636,-1.4240555,-2.2631876,-5.6203194,0.06829028,-6.7014813,5.463088,1.1102428,2.5259697,-1.5074052,-0.50398856,1.1673687,-4.9745564,3.5693886,-9.813862,-1.1115614,4.5335755,-6.323702,4.6231675,-0.118812874,-0.55460984,1.6469164,1.5590956,-1.4685732,1.5770321,6.8766313,0.12307919,4.2773204
TVKFLCALGRGIPILSLDWLHQSRKAGFFLP,0,True,-7.604543,1.5316601,-0.51135343,7.1286674,0.46444103,0.49016345,-1.684826,-1.990298,-9.981994,5.463198,-2.2291582,-0.12094545,-2.8649244,-3.2903867,1.8255593,-6.82127,1.2194759,1.3731513,3.9726079,-7.335704,-2.8625963,4.245662,-0.59452343,-1.4443241,-0.69186044,-4.440362,-0.012043029,-5.8159285,7.504055,1.6446686,3.447129,0.7486954,-2.3543043,0.89979625,-5.4869075,1.6826012,-11.197853,-2.183703,2.9882286,-5.1773195,4.486591,2.416248,-2.1855628,0.05728541,-0.33745232,-1.9484676,1.559824,8.02389,-0.24922597,3.9083805
LLLSKISQDADLKTPTKPKQHDQVSKISSER,0,True,-5.5640845,5.4178753,-2.4532385,6.8108516,0.6107213,-0.5511252,-1.0232235,-5.6833615,-9.48759,3.7307873,-3.8972073,-0.06405006,-3.8914618,-2.3615463,1.7215929,-2.7725139,4.4220233,1.0063162,3.9995375,-6.453604,-3.2650883,3.9697673,2.3670387,-0.19828714,-3.993129,-5.2967453,1.6138206,-4.9048767,7.4423313,1.9345124,2.36102,-1.7423692,-0.534273,2.6986227,-6.078315,1.8121793,-9.8849945,-0.5865489,2.6922877,-5.954068,3.432837,-1.1490145,-1.943511,0.8194258,1.6645503,-3.6045957,0.8024808,8.504398,-1.0047716,5.632424
LPTLEVKPPDRPSSKSKDPPREEEKEKKKKK,1,True,-6.0048847,4.707786,-6.5942507,7.877679,1.8240201,0.9536034,1.7269416,-6.248011,-8.459494,1.5135411,-6.9864936,-0.82656837,-6.6490145,-3.9347794,2.3355548,-1.9610555,3.5217745,2.737921,6.535705,-8.478827,-4.8158402,1.371347,2.446,0.8180009,-5.151766,-2.9032147,-1.8476171,-4.326286,7.8604174,1.6220397,1.827767,-2.4107096,-0.30630097,5.011884,-5.1339073,4.284063,-10.783459,2.8660138,5.3379345,-6.040026,2.696689,-2.7567315,-0.7931343,1.4337622,2.5917268,-2.2027113,-0.21792825,7.9328814,0.027470827,4.5929427
AVTSPSPLYSTPSESSHSSPLRVTSLFTPVM,0,True,-7.159188,5.1451874,-3.625656,9.490852,1.5334356,-0.9493243,-4.374618,-6.7450047,-10.004572,4.7733865,-1.8406157,0.66496986,-4.67186,-1.4891368,2.908146,-4.6689205,5.021107,-2.264342,4.6887503,-8.974966,-2.6314182,4.929204,-0.12908325,-0.3132099,-2.6339576,-6.4335546,-2.5122302,-5.8451495,5.6174994,3.094713,1.9677747,2.0624404,-3.6424658,0.61553484,-8.775192,0.15578684,-8.711328,0.40051907,5.2728133,-9.007345,1.809202,1.1946338,-2.1927364,3.2988563,2.0122397,-0.504055,-1.0524557,6.154771,2.2611833,5.1580315
TPPTIVWTSTGTIEQSTQPLHAVSSEKVSVQ,0,True,-4.591588,6.7648225,-1.9511058,8.701428,1.4000282,-1.7817929,-2.5478015,-2.8050287,-10.268321,4.5930405,-1.7787874,0.4787487,-6.0386004,-3.5831482,1.6481298,-5.1248517,4.1608257,-1.7813494,3.7104962,-8.080154,-2.5952952,4.3853145,-1.1448323,0.09071841,-2.7821805,-5.569308,-1.5460023,-5.8034163,6.1907544,1.7504476,3.1393902,-0.7551074,-1.4338907,1.5840673,-5.8079686,1.1870513,-9.062228,0.35150865,3.8023317,-7.6715903,3.8761334,-0.34221584,-2.7357445,1.9638262,0.9428183,-1.6614025,-0.67405343,7.2413697,-0.17548832,5.332876
YTTFEKQQKKLHENYYAMYLKYLRSVRLQKK,0,True,-5.772257,3.1436124,-0.72622854,8.562079,-0.3523386,-0.047531545,2.7163162,-4.036215,-9.241967,4.297824,-1.5326035,-0.28848,-3.0700753,-4.5272355,0.5445887,-3.322809,3.8472521,2.4547927,4.9376063,-6.345847,0.3883738,3.0970733,0.510965,-1.3373677,-5.3183007,-5.3285103,2.364173,-4.5948043,5.3238335,1.0053152,3.0252213,-1.3756046,0.12591086,0.898548,-7.0388207,3.7920976,-9.428246,-0.049604617,4.415605,-5.201621,3.9629838,-0.11937079,-1.0344452,-0.88348216,1.3957361,-2.9624243,1.5481126,6.7819786,-0.6047944,5.0836897
EFYFTVSPDSDPYKATSAVVITSTSGDSIVS,0,True,-6.201429,6.753148,-1.7066114,6.484297,3.3664925,-0.40114322,-1.8468994,-2.6917505,-9.555867,5.2065883,-2.7875962,1.406502,-5.710359,-1.2449208,0.7290414,-4.7661414,3.1316147,0.08259146,1.2201772,-9.638709,-4.2815495,5.6416607,0.80430824,-0.5588476,-1.3706958,-6.0434866,-0.4706249,-5.885996,7.027565,1.9375092,2.939399,1.1765242,-1.9964885,-0.6945476,-6.516863,-0.31059918,-10.170205,-1.3753543,3.4522166,-8.124329,3.0867076,0.17509323,-2.9747944,3.8998706,1.0926645,-2.3582835,-0.20725605,6.4220595,-0.29138163,3.7317321
KKGYVTPVKNQKQCGSCWAFSATGALEGQMF,1,True,-6.4081473,5.212312,-1.3872123,8.01352,-1.0581524,1.1100569,-2.2954626,-1.7180322,-9.093097,4.292548,-2.5986037,1.0954456,-3.6396148,-2.4488356,1.0330012,-6.234929,2.6134171,0.35960096,4.554835,-7.647873,-1.9372011,2.3157043,-0.42367494,-2.3598862,-0.6060147,-5.545927,0.6232058,-4.8142505,6.828109,-0.042604417,1.8895179,-1.0582769,-3.6482198,-1.6556042,-5.616012,1.3196719,-10.219951,-1.379389,4.283692,-7.036533,4.8553977,2.2577069,-0.7576719,-1.1845467,0.9650782,-1.6792833,1.4729757,8.683034,-0.57836986,3.4697688
VPETTSSLATSLGAETSTALPRTTPSVFNRE,0,True,-6.347403,6.5165834,-3.0369983,7.834283,1.3390946,-1.2573161,-6.0360126,-4.6088977,-10.668129,5.3540783,-3.2706494,0.646528,-4.3900185,-4.15372,1.8247262,-5.17865,3.1037765,-2.6436656,4.2574916,-7.816567,-2.387442,4.87492,0.8232121,1.2052835,-0.06377146,-6.8384304,-1.4603201,-6.2348056,6.924948,1.3279042,3.6475658,0.56839114,-4.110656,1.3927861,-6.0874357,0.8891281,-9.216002,-0.3671003,2.7352352,-8.470014,3.9806588,0.7065554,-1.2335744,3.3661335,1.690581,-1.8998222,-0.5820446,5.9540133,-0.17114234,4.590313
YEHPSINQRIQNSSGTDYPDIHAAAKEIAEV,0,True,-6.8843317,4.3488235,-1.0726923,5.6182775,-0.91660094,-1.3377922,-2.453215,-4.497512,-10.095956,3.524057,-2.6534638,-1.3231972,-4.6354036,-3.7427475,-0.17001033,-4.4580407,3.1389272,-0.9954275,3.5379996,-5.468425,-2.3977423,4.191003,0.5609452,-1.6839026,-3.0547776,-6.023529,-0.704746,-4.629106,7.334737,0.9823456,3.1602802,-0.19409233,-1.6082776,-0.86128014,-5.841979,3.9969604,-9.788131,-1.5485862,3.8096297,-7.7170105,4.1784735,0.3597309,-0.34752107,-0.3846827,0.1359668,-0.98143655,0.33948144,7.7154665,-1.4516581,3.9272938
HYKVTALHWAAFRNATKQWVQEKPNGLLYFW,1,True,-6.159054,2.688971,-1.7227226,8.424036,0.048790082,-0.8973242,0.26142943,-1.7371688,-8.470699,5.5260277,-2.171267,-0.1434285,-3.8989553,-4.587038,2.212442,-6.944119,2.8619912,1.5446856,3.7238371,-7.282386,-2.246391,3.301053,0.3475223,-1.2938259,-1.9079363,-4.492995,2.2319264,-5.9151697,6.702235,-0.60886323,2.9249601,0.638741,-3.1268559,-1.0410339,-5.7893934,0.6694413,-10.29604,-0.70621413,3.3747272,-5.3054743,4.076439,1.6486335,-0.98735297,-0.65387547,0.65777993,-2.249828,1.4562417,8.290739,-0.86351657,3.5830064
HKMYRKMVFYIEACESGSMMNHLPDNINVYA,1,True,-6.899568,4.033632,-2.1833735,7.6659346,-0.80083334,0.67550224,1.3056332,-3.030784,-9.830659,3.9944904,-0.9476373,0.5556192,-4.179199,-2.8248537,0.23253821,-4.643466,2.3284912,2.2294586,1.0496143,-7.7369933,-1.9931335,4.885366,-0.11369264,-1.6653085,-2.942198,-5.2010493,2.025527,-4.125323,7.5803776,0.9195255,2.286213,-0.12993383,-0.21141571,-1.0720108,-5.680797,2.8290305,-9.347475,-1.827656,4.08467,-5.9323416,5.2657723,0.57638276,-2.737179,-1.0404313,1.4232246,-2.0206225,1.299627,5.9787283,0.10468455,3.8617933
KWKQSVRLISLCQRLSRSFLSRSNMSVARSD,1,True,-7.44573,0.9051673,-2.8625333,9.159452,0.58304095,0.7644532,-1.1215824,-4.746629,-10.08472,5.0776043,-2.4716418,-0.5809829,-3.7348733,-1.499691,1.0984365,-4.8217626,1.2702688,-0.063578635,6.1967735,-7.8516665,-2.28284,3.2367022,-1.1470557,-2.1241412,-1.0855106,-3.9280365,1.0874854,-4.5981684,6.594089,2.5294313,4.541945,0.82264334,-2.3755283,0.77219677,-6.706723,2.1916928,-9.953604,-0.7245849,4.7570257,-5.9044776,2.063993,2.5608377,-1.4796727,1.3850805,2.7420096,-1.057012,1.2575916,6.084273,-0.3591167,6.03409
WDKTSLECLKVLTGHTGSVLCLQYDERVIVT,0,True,-5.668315,4.235727,-0.031313315,7.3935747,0.36482942,1.9559834,-0.0016160235,-2.0144253,-7.919878,4.977372,-2.7102435,0.39926273,-4.3269386,-2.70377,1.7425902,-6.610211,2.7111852,0.41928455,2.9329023,-7.0111647,-2.483975,2.9755392,0.7403776,-0.23014426,-1.946505,-3.9532547,0.8296552,-4.7893047,8.17592,1.2058438,2.0195422,0.5624185,-2.2433255,-1.7004833,-6.186,0.23787776,-10.682357,-1.9029557,5.1095634,-7.1302514,4.68518,2.19642,-0.94024205,0.8580576,2.3103416,-2.219501,1.5449013,7.255709,-0.839376,3.8612518
IDPNWDASSAGSSISYELKGLDIESYDSLER,0,True,-5.4735284,4.4704957,-2.677618,6.2719016,1.4315103,-0.7343629,-1.0816673,-3.3868375,-9.020306,5.148752,-1.9108747,1.3743329,-4.891117,-3.2452643,-0.0078026354,-3.9527686,1.2934426,0.3465107,2.010092,-7.786388,-1.84181,4.109716,1.2511914,-0.93369186,-4.0304604,-4.605863,0.98833436,-5.736057,6.205428,3.5662773,2.6624758,-0.58512706,-2.2402978,0.017801203,-6.0720997,2.365674,-9.552239,-1.614649,5.2461042,-6.482991,4.2948933,0.21314307,-1.8277901,2.360738,1.7119461,-3.055369,-0.25449067,7.2326283,-0.28233317,5.099045
QSLCRLSRCLLLNSRYPQLIQVLGRLWELSV,1,True,-5.710551,0.8285326,-0.35930526,10.050517,-0.9134348,1.5297632,-0.15035883,-3.033607,-9.6566515,4.5834856,-2.36987,-0.88109154,-2.8722696,-2.214435,1.09472,-7.3663716,3.4182875,0.5909867,5.4693794,-6.40213,-1.6655272,1.8848718,-2.3147604,-3.4810855,-0.90066874,-2.4106038,0.68232465,-5.454512,6.7862353,0.51372766,4.038071,0.52631104,-3.9142735,-1.2064097,-6.3958864,2.4320028,-10.942121,-0.124983594,3.5266793,-5.6411805,3.274463,1.8881695,-2.2937636,0.71596265,2.2963886,-0.89367986,1.3145632,6.6741066,0.11438779,5.600467
GALEGQMFRKTGKLVSLSEQNLVDCSRPQGN,0,True,-5.7037454,3.5514488,-0.7672274,8.118009,-0.9179744,-0.45890212,-2.0304234,-3.1879556,-9.05832,5.1272626,-3.0079014,0.27040803,-3.7706747,-4.5556183,0.31146574,-5.4398594,1.7676511,0.85510075,4.6723976,-7.792786,-1.7992398,2.7124476,-0.24891223,-1.6331496,-2.0239244,-4.676283,0.96634376,-4.602812,5.2940583,0.5584716,3.6254442,-0.8378321,-2.612986,-0.9697045,-5.6614385,2.5753398,-11.217256,0.58609736,3.1611834,-5.3457227,3.3614583,2.1337624,-1.1234447,-0.059153967,1.814671,-2.202791,1.2716979,7.761497,0.5211566,4.6046405
NLDTLLVPKLDVLRNSMFTAGKGVAEKASKW,1,True,-6.3883615,4.0955734,-3.0843375,5.692887,0.5948079,1.2969997,-2.5687103,-2.0765052,-8.990579,3.3668504,-2.5769145,0.64936936,-3.973586,-3.576096,0.7770087,-6.118829,2.9770114,0.10070698,3.988152,-7.7725916,-2.9286206,4.3195753,1.9216431,-0.20405011,-1.2421765,-4.428027,0.65552616,-5.8755145,6.6645555,0.029432446,3.2672875,-1.7468506,-1.6555681,0.9667192,-4.968563,2.3693316,-10.818543,-1.6767021,3.773169,-5.406297,4.144803,1.0699358,-1.7957791,0.22208636,0.6259398,-0.5801019,1.0170071,8.983367,-1.1935728,3.2652404
PQEFLNRRYMTEVDYSNKQGEEQPWEADYAR,1,True,-3.9504104,2.4432697,-2.1553283,7.251914,0.42195103,-1.1381104,1.8673234,-4.4789333,-7.805662,3.8653545,-3.6269565,-1.4901268,-3.4936588,-5.7072573,0.13158964,-4.1259074,1.6459961,2.1315737,4.260798,-7.5989985,-2.4721558,3.4373167,0.8323459,-1.081021,-4.373134,-3.3450782,0.7198629,-6.238077,6.4663234,1.1440592,5.0724673,-1.3324094,-2.355174,-1.7202109,-5.778464,1.0836527,-9.127466,0.77020985,3.2756715,-4.9775834,4.4529824,0.056023195,-0.74342185,-0.41497463,0.8785137,-2.8706965,0.20701171,7.814743,-2.5951588,5.4049606
CPTNFYLAADNRTCLSNCTASQFRCKTDKCI,0,True,-6.1636677,2.380153,-0.33834687,8.00427,-1.7598214,1.2734958,-2.2462947,-3.8560348,-7.0936985,5.6092954,-4.236392,-0.18600392,-4.763964,-0.7916589,0.8039334,-6.5957313,3.629094,1.1147095,1.9466783,-7.384128,-1.3426117,2.9447608,0.28352433,-2.3650258,-0.876584,-2.9339674,0.76716727,-3.3148708,8.860975,2.2436085,1.6551039,-1.5648339,-2.201335,-2.7939813,-7.3233743,0.52221614,-9.398448,-0.82179904,4.0405393,-7.949502,5.689325,1.1009874,-0.80313957,-0.38871217,4.9919343,-3.2448606,0.8181102,9.053305,0.13255584,5.054695
ATQRKLRRFSELRGKLVARGEFWDIVAITAA,1,True,-5.52343,2.6024883,-2.2316368,7.044623,0.7077763,0.6256377,-0.9146329,-1.329119,-7.5955005,3.9049306,-1.6282414,-0.70942825,-3.2657838,-5.1751184,0.2895037,-6.271638,0.6242426,0.5067056,6.1747737,-8.262706,-1.8155655,3.3153188,-1.9390363,-0.14680272,-1.3996326,-3.946231,-0.41170448,-6.480433,6.8930583,-0.4918104,4.46921,1.1655755,-2.9022264,-0.47215006,-5.6105113,2.984544,-11.070278,-0.30776447,3.2832658,-5.7747226,3.235162,1.1751225,-1.100013,1.9642742,0.45193258,-0.6434827,2.1234808,7.368734,-1.696415,3.447733
QCPTIKEIRDQGSCGSCWAFGAVEAISDRIC,1,True,-6.1473007,3.6906393,-2.4078312,7.4565034,0.09114045,1.961276,-1.1695061,-1.9949514,-7.779176,5.7399945,-2.3800814,1.832356,-5.058324,-2.5026784,1.2146413,-6.398701,1.9933511,0.048689693,3.599229,-7.4385924,-1.8609427,3.345861,-1.8040805,-1.8715749,-0.7778763,-4.0408936,0.052101843,-5.725207,6.8704195,0.55551606,1.5133194,-1.4465328,-2.936672,-2.2087424,-4.6434402,0.979022,-10.168716,-1.5821843,5.2875123,-7.023786,4.5772524,0.8747075,-0.53988683,-1.0173668,3.2745867,-2.8432617,1.3327154,9.202479,-0.7962125,3.6838524
KPDFPEAIAHHSIQNYIQSWLQNINPYPTLK,0,True,-6.116465,4.2679877,-1.3732415,9.955346,-0.4295552,-1.5199062,-1.0845627,-4.022634,-10.968875,4.824319,-1.0500996,1.4589585,-3.9900205,-3.4991667,0.9254279,-3.7341483,2.896469,1.0630395,2.2668962,-6.5812197,-1.4344593,4.836681,1.8221773,-1.2629181,-5.064744,-3.8293803,1.1798954,-4.2199335,3.8014631,1.6305416,4.7200317,-1.5095054,-0.18056226,-1.3477021,-7.4763494,1.7014204,-8.443927,-0.3412153,2.3361142,-7.031957,5.581484,1.9971342,-2.7731898,-1.6865873,0.50006646,-2.825006,-0.12699291,6.838024,-0.10896193,3.8031611
TRLFASPTMTESAEMTIPTQTGPSGSTSQDT,0,True,-6.2670426,6.023192,-1.4926133,8.042437,1.1027948,-1.5417581,-4.2879415,-3.5708528,-9.812626,3.453313,-2.5086658,0.06689972,-4.2648664,-2.9170046,0.8716573,-5.086968,3.22339,-4.1864114,4.4041634,-9.075758,-3.7264879,4.3054767,-0.5899377,0.40229002,-2.1564279,-6.437997,-2.364948,-5.3465953,6.1762733,1.7025778,2.6683855,0.111958325,-3.3330889,-0.22033814,-7.8916054,1.1564709,-9.629312,0.59972316,4.342499,-7.072003,4.4252257,0.47546953,-2.169634,1.5197592,-1.1346514,-1.658642,-0.25368366,5.993044,0.17417064,5.5331483
GHHDYADCHDALKAITEVTTTLQHILIRLEN,1,True,-5.8768525,3.4556258,-0.17549719,8.739223,-1.0373018,-0.25517085,-0.9252704,-1.7144338,-7.4853253,5.8047876,-1.9054276,-0.03689874,-5.2017913,-5.118847,1.456944,-4.6935105,3.4022741,0.16060293,4.442488,-5.674886,-2.2958946,5.2253757,-0.6621874,1.3191813,-2.539557,-3.723039,0.77907753,-5.1662626,6.0377183,0.1724723,2.7927194,0.49560034,-1.6065116,-2.7366512,-5.5919876,1.6043346,-8.349542,-0.89851546,3.6442525,-8.226623,4.5696096,0.7842823,-1.8590809,0.019437551,1.798878,-1.847368,0.8241608,7.615935,-1.858004,4.3868313
DILTNQDVKLDWMFKSSLLLDLIKGMKYLHH,0,True,-6.1070848,4.093944,-1.1416179,7.679515,1.231406,1.1229985,1.3942108,-3.8503642,-9.219933,4.5561223,-1.8186066,0.5070893,-3.5576172,-2.2089033,1.0903995,-3.4431422,3.2581522,1.910079,2.237917,-8.19686,-2.4180546,3.8331864,1.7332252,-2.2924497,-3.801726,-4.4431806,2.7252142,-3.9932005,5.6575875,0.69278824,1.4112744,-1.0073181,-0.40280688,0.86712044,-8.0654,2.387678,-8.517224,-2.983536,4.182981,-6.251957,4.2815747,0.44601482,-0.99922866,-0.4688716,1.3774526,-1.9654241,1.618879,8.357829,0.17257503,5.4645824
GSDTAPSMVTSPGVDTRSGVPTTTIPPSIPG,0,True,-6.2589855,7.108321,-2.3738675,7.559741,1.05365,-3.0827699,-4.9638677,-4.613855,-9.326773,3.59415,-2.9119856,-0.31332684,-5.4300804,-2.5441203,1.564954,-5.210555,1.755001,-1.8058956,3.0430863,-10.019537,-3.9285958,5.314093,-0.531967,1.097614,0.010825247,-7.846684,-2.2345486,-5.931159,5.9214144,1.1139896,3.6201575,0.40601426,-2.9574234,-0.68672276,-8.641569,-0.15912989,-9.588339,0.9055828,2.7938724,-8.443987,3.8105156,-0.14174479,-2.0501056,2.8761039,-0.68498874,-0.77049893,-1.1363616,7.077174,-0.08024143,4.044724
RFKSYLLSMGIANPVTRETYGSGTQYHMQLA,1,True,-7.02323,3.2808707,0.25965768,8.049381,0.5419934,-0.83959514,-1.8070592,-3.39827,-9.433216,3.8885756,-0.4754034,-0.044821247,-2.9501932,-5.002166,1.3570642,-5.5662923,1.7589756,-0.39602327,2.1442711,-7.1392093,-1.9574759,4.1064687,-0.44747818,-2.3959026,-1.685757,-6.210603,-0.41295782,-5.5681443,6.9589453,1.221274,2.3409333,0.1221395,-1.3358607,0.43990862,-6.17769,1.6523354,-10.415537,-1.4584672,4.971369,-6.327383,5.6926126,-0.16175786,-1.9073358,-1.1709349,0.24052927,-1.1440762,1.6497433,5.8201623,-2.0965724,5.67529
SFTPPASGGPRLPSMTGPLLPGQSFGGPSVS,0,True,-5.4009566,4.0173078,-2.8739789,8.91137,0.8175625,-2.7671769,-5.231328,-4.150017,-11.006735,2.843663,-2.118048,-0.21574482,-4.7375455,-3.902726,2.1392543,-9.045343,-0.27478662,-0.8739873,4.7919064,-9.355017,-5.3710613,5.792371,-2.69167,-0.11144009,-1.4852488,-6.0720167,-3.5504482,-5.740024,5.780085,1.7844839,1.9997926,1.2427423,-3.019634,-1.3188564,-6.2442203,1.5473646,-11.219907,0.21056448,4.516668,-6.389711,3.498505,2.7738438,-2.814611,1.9004534,-1.7302454,-1.1115171,-1.4646932,7.3036237,1.9662688,2.5090177
PEAIAQGGQSKTLRSSTVRAMPVPTTPEFQS,0,True,-5.1836834,4.4669266,-1.6050364,7.3899426,0.6145422,-2.4889886,-2.7662442,-3.5887334,-10.561804,4.0582585,-2.457145,-0.13956596,-5.1469293,-5.428947,1.4112285,-5.6750154,3.02256,-1.0514433,4.966749,-7.9154973,-2.0806558,3.7814505,-0.8906971,1.5039945,-2.268606,-5.6714025,-2.5377288,-5.8325815,5.4078274,0.92626584,3.855346,0.3170532,-3.7452626,-0.43535274,-5.5331345,1.8115952,-10.209642,-0.22557962,4.0271087,-7.8107204,4.314838,0.2285079,-1.1716543,1.8870059,-0.19329756,-1.1537125,-0.0059156753,6.5676146,-0.18846914,3.532094
TSTPGNRAISLTLPFSSIPVEEVISTGITSG,0,True,-6.2878265,5.203931,-2.2090073,6.7506065,2.63718,-0.6211543,-4.282325,-3.25909,-10.440423,4.4408393,-2.298901,1.1932951,-6.6749153,-1.9313246,1.9327854,-5.0239654,3.1000016,-1.139323,2.1140158,-8.620448,-4.267544,6.9554586,1.749135,-0.7473604,-0.49465117,-5.845648,-0.9612719,-4.9601507,6.35716,1.6475503,3.5369098,-0.21439055,-2.220628,0.65856165,-6.5861993,0.749662,-9.511485,-1.0281292,2.983983,-6.6764402,4.5768642,0.14113155,-1.1116905,0.8069414,1.2422432,-1.7165207,0.42314136,7.6088886,0.61109513,4.6945596
DKLYALNDRVYIGKRYHYDIRLPNFYQMSTP,0,True,-6.099246,3.2054074,-3.7179337,8.377607,1.8350432,-0.29035085,0.1598641,-3.534589,-8.226998,4.654878,-1.8049579,0.50820625,-3.7724445,-3.4130678,-0.26124948,-4.0850706,2.7782652,2.3891559,1.3344777,-7.1409163,-2.4472694,2.6170979,-0.34613678,-1.7527696,-2.2203462,-4.119541,0.81577647,-4.147047,6.1002245,0.09717258,1.7672604,1.0647129,0.18304494,-2.4439628,-7.631679,0.5145573,-10.217218,-1.345686,3.397165,-7.345176,4.211295,1.1439338,-1.0883418,0.23616509,0.76232475,-2.3827143,1.4631503,7.675838,-0.16787642,5.7253556
LCRLAAFLDTFLAANSMLSMAALSIDRWVAV,0,True,-6.3364973,1.0636096,-2.1761117,6.9400105,1.1354613,-0.077126235,-2.0024993,-0.3417214,-9.998766,5.57641,0.5086207,-0.27764028,-2.5583358,-2.833917,2.2334063,-7.7620816,2.085988,-1.1177226,5.173274,-6.9619207,-1.8207715,5.6806817,-1.041151,0.5562951,0.25169513,-4.5672812,0.43312597,-7.12973,7.06142,0.04642833,3.6189916,0.8784188,-3.60205,-0.9207133,-4.7663636,2.2718775,-10.595502,-2.2339456,4.2600226,-6.775141,4.715988,1.8959428,-2.6450665,0.88645077,1.027574,-0.5741092,1.2712488,6.7673283,-1.421512,2.8588133
VASMAQSAPSEAPSCSPFGKKKKYKDKYLAK,1,True,-5.5412908,4.301244,-3.5490534,7.6379504,-0.74247617,-0.23585607,-0.6359588,-3.4239728,-9.056094,4.085157,-4.1058493,0.5417667,-4.80314,-3.423468,1.4464884,-4.5614233,3.3730366,-0.05155293,5.5392284,-8.4797325,-4.122082,2.2821383,1.8231736,0.34563792,-3.1802623,-4.384324,-0.93696404,-4.4990416,7.9460344,1.2708412,1.08514,-1.1926001,-1.2211415,1.9048731,-6.371756,2.9726813,-9.121382,-0.57206357,5.102862,-7.5559993,4.1315675,0.35742277,-0.2926956,1.0764469,3.4594452,-2.0272098,1.3236594,8.273549,-0.5153377,3.8222644
PNTSTPGTSTVDLGTSGTPSSLPSPTSAGPL,0,True,-6.8914266,6.4192953,-2.6046922,7.818841,1.2064266,-2.9402835,-7.218915,-4.853405,-10.234682,5.170555,-4.298754,1.8452983,-4.9503646,-2.268474,3.1150723,-6.0184197,1.788775,-3.9384356,2.371776,-10.62431,-3.7663872,5.7703586,0.18368652,0.590458,-0.7990528,-7.8764434,-3.6838617,-4.90182,6.879944,2.3542979,2.0268116,1.8055384,-3.73351,-0.025367081,-9.356061,-0.07573901,-9.256502,1.0463493,3.369336,-8.627289,4.009597,0.95414835,-1.3266059,4.2675962,0.33951816,-0.97559154,-2.082778,6.1971974,2.0552328,5.449439
SWQSPPSVEETSSPSSPVPLPAITSHSSLYS,0,True,-6.74027,5.3546205,-3.4240649,10.02913,0.73143226,-2.2114553,-5.2003565,-7.1314206,-10.719456,4.6306214,-2.7138329,-0.66671836,-5.5371823,-3.0195358,2.0503526,-4.0515165,4.966614,-0.8200173,4.647444,-8.83797,-3.093936,4.460374,-0.9630197,-0.4447464,-2.98752,-4.8583713,-2.949797,-5.311285,5.993523,1.7081144,3.5441756,2.1673102,-3.7650416,1.4342573,-8.8546,1.2031327,-9.776768,1.7038746,3.694267,-7.871971,2.504812,-0.08984038,-1.6562442,3.0617542,1.1959466,-0.7415782,-2.3567839,6.3232675,2.2535973,5.082298
EIWDWDRTTRNDFMGSLSFGVSELMKMPASG,1,True,-6.0475717,4.07424,-2.6050308,6.94383,1.1156296,-0.84248936,-0.61630297,-2.6482022,-8.300623,4.9617596,-2.7351036,0.81784266,-3.8377755,-3.9580379,2.6433737,-5.4394565,1.2092094,0.069111586,2.521595,-8.7684965,-2.7856867,3.335903,-0.17807019,-1.9232198,-2.2079082,-5.686435,0.14654315,-6.680858,6.060718,1.8080239,4.2599025,-0.6741448,-1.1502595,-0.104683176,-5.847852,-0.37031552,-11.062903,0.16795817,3.592841,-4.983235,3.3802497,0.97902775,-1.8618337,1.8714578,-0.4906258,-3.471272,0.3530805,7.714199,-1.8409321,4.133363
AHANGSVRRGHKNDATETITMRTGLGVNLKE,0,True,-6.448638,5.6352367,-1.1464142,5.699296,0.5633924,-0.22629724,-2.3406305,-2.3587499,-8.983263,4.9263797,-2.1825204,0.7247797,-2.8188004,-3.6598063,0.52718025,-7.095777,0.055346563,-1.7122121,3.711848,-7.8263946,-3.2434468,3.5759358,-0.36460078,0.78955966,-2.0364392,-5.7622156,0.10854934,-4.507146,5.5455904,0.87596416,3.4793856,-1.7494515,-2.6273246,-1.9245183,-4.4720235,1.5868345,-9.725071,-0.75889957,4.282084,-6.470331,3.3786683,1.3443819,-1.7368656,0.38933212,0.44886068,-2.1387646,2.5653324,9.288818,-2.0463374,3.3905132
RPWKRGILKGTITFSTTRRCTTRRKHDDYEE,0,True,-4.869264,5.620727,-2.386868,5.726214,1.042968,0.3338655,-0.19807181,-3.5991874,-7.9482427,4.5747776,-2.4637089,0.86169726,-4.5485945,-3.4269323,1.1975342,-4.031113,2.1086085,1.1657861,3.1862943,-8.963342,-2.586042,2.6732876,0.8888233,0.1573631,-2.071272,-5.094,0.3198389,-5.679144,9.053067,1.9860377,3.533091,0.43524587,-2.3438783,-1.4935343,-5.803067,1.4640048,-9.514523,-0.52235657,3.7504315,-7.19291,2.351003,1.5823469,-2.7735207,-0.09259322,2.0528502,-1.9938755,1.6041607,7.7340856,-2.130877,4.1032777
WVETSPSMKTERPPASTSVAAPITTSVPSVV,0,True,-5.153953,6.7923365,-3.9018946,8.599736,0.76878655,-1.6612632,-4.364817,-4.5078306,-10.100595,3.7370515,-4.2149835,0.03567879,-5.3759027,-3.97112,2.4399352,-5.418932,3.4370804,-2.9407487,4.871677,-9.474451,-3.7072256,4.342762,-1.2847774,0.79584014,-1.7819797,-5.187122,-3.7776704,-5.849319,6.013551,1.8235694,3.0728471,0.20418133,-2.965968,1.6398838,-7.377626,-0.19332182,-10.276684,1.1803979,5.033375,-8.692164,2.8712769,-0.56065243,-1.74052,3.0020719,-0.019095913,-0.48681605,-0.80408955,6.553132,1.0858903,4.125638
ENRASAQSKTLEARNTLRLWKKAYFDTRAKI,1,True,-4.9627047,2.2543504,-3.0945814,7.439739,0.108451955,0.6764015,-0.0029851496,-2.9772975,-7.841855,4.56187,-2.3611836,-1.3707676,-4.075959,-4.3082824,0.49022767,-5.233783,1.9049398,-0.42159775,5.921051,-7.266987,-1.4407344,2.8797824,0.08105938,0.4446913,-2.868732,-3.302079,0.03314694,-6.110797,7.32231,1.4970748,3.315954,-1.3913479,-2.5168695,0.008366078,-6.032177,3.2014706,-10.372245,0.4835022,3.7950516,-6.3965607,3.2821498,-0.054421514,-0.3949319,0.7214569,2.198024,-1.0080477,1.652189,6.834751,-2.5131912,4.0845532
SIMSLTGISSKDAGDYKCKAKNLAGMSEAVV,1,True,-5.6009254,4.677769,-2.6550171,7.383774,0.7106267,1.4024156,-1.4505527,-3.3962202,-8.189181,3.7089224,-3.1490371,0.5618937,-4.1168056,-2.3734176,1.0507228,-5.7743635,1.2624682,0.15734999,2.3064778,-6.5848117,-3.7130332,4.372796,1.421506,-1.022017,-0.5880849,-5.5281715,-0.30066732,-6.1357894,7.326815,1.7490056,1.9405489,-1.8952969,-1.6716022,0.27617186,-4.968787,1.5109316,-10.429772,-1.6437256,6.052465,-7.3366103,5.337687,-0.70668584,-0.38826114,0.35521588,1.0346249,-3.0245712,1.0881915,7.957958,-2.8348553,3.7331285
SSGSCHAPKPACQLGSLDSLSAEVGVRSRSL,0,True,-7.5103526,2.3988512,-1.2545234,8.372343,1.2583485,0.08328393,-2.7690623,-3.1048477,-8.113211,5.0587564,-4.0538154,-1.2090889,-4.068825,-3.8838346,1.1495854,-6.1459813,1.1914386,-2.160966,4.6413665,-8.102119,-3.7610793,3.391276,-1.9384568,-1.2692407,0.23375598,-5.1452913,-2.9073164,-5.557435,9.129495,2.069054,3.341865,0.7776934,-5.3517723,-0.68292284,-5.3772883,0.28136683,-9.804211,0.28046533,4.89592,-6.776182,3.1857314,2.25275,-0.6131933,1.6562216,2.6741889,-0.98027325,-0.2358276,8.402959,0.754331,4.385231
ARVTVPTITLLLEECTEKLNLNMAARRVFLA,0,True,-5.1623387,4.612463,-1.3000325,7.351384,-0.33331904,1.180024,-1.8386863,-2.1966307,-9.160883,3.6612558,-3.22694,-0.7812254,-4.696615,-3.5197432,0.91678464,-6.12155,2.6173112,0.25495335,5.008883,-7.9074054,-2.1496074,5.2359724,-1.1912453,0.06666398,-1.2627792,-3.8736348,0.80905414,-5.713477,6.9521155,0.33826753,3.5605595,-0.27831224,-1.269546,0.6008093,-4.516401,2.2875164,-11.692442,-1.2556287,4.0701656,-7.2141266,4.7344146,0.47078845,-2.2587752,-0.1390476,1.221425,-1.4968542,0.9780229,5.9528813,-0.29771763,2.858897
KFQEAVGQAGAISITSKAELAEVRREWAKYM,0,True,-5.6142344,2.3377407,-1.3109407,5.704161,-0.52457786,-1.2320199,-0.84646094,-1.9544873,-8.929225,4.169248,-2.8354943,-1.8228619,-4.717485,-5.815517,0.8415992,-5.4553595,1.19233,-1.0231405,5.556161,-6.233713,-2.7848127,3.0642216,-1.2078848,-0.07541433,-1.3536344,-5.9386067,0.27222517,-5.748434,7.687651,0.43110806,3.4998138,-0.483804,-2.0450196,-0.3511744,-3.597272,3.0634418,-11.501476,-0.91331136,3.3277962,-6.439132,3.6506486,0.35131866,-0.51492894,2.0149553,0.7212776,-1.0527266,1.896559,8.408717,-0.95200866,2.6229482
GRAQDTFQTIEGIIRSLAAHTLNPDQDVSQW,0,True,-6.3652163,3.498185,-1.5278486,7.995129,0.6138223,-1.63555,-0.46248853,-3.740847,-8.662599,4.026932,-0.9267965,-0.43845096,-4.8016205,-3.3852105,1.7382677,-5.9932265,1.606089,0.20035827,4.3117976,-5.6976604,-2.1772087,4.631538,-0.8625548,-0.65299624,-1.7267396,-4.1186666,0.5773174,-5.014108,6.4909005,1.1802478,3.6599827,-0.16899642,-3.4393027,-1.2322594,-4.556618,1.291162,-9.306525,-0.1767661,3.1968045,-7.2011566,4.562426,1.5322413,-1.4798586,0.21183193,0.003494665,-2.4123874,1.1748416,7.5346637,-1.932481,4.4645576
QPLGISLPVFRTIALSSEVVTLEKEHCYAMQ,1,True,-5.9889917,4.1835313,-0.7745416,6.6702757,0.07730613,-0.094483495,-0.3406882,-1.5959945,-9.663027,5.1436477,-2.0187151,0.52866894,-4.6215153,-3.400363,2.6713,-4.2616024,2.7063065,-0.37194246,4.444098,-6.866918,-1.307225,4.7641726,-0.85872793,-0.92929775,-1.4935769,-4.933744,0.35608226,-5.525838,6.9065657,0.1711688,3.497999,-0.41262546,-2.3214037,0.13817061,-5.2531886,1.0799925,-10.0159855,-1.7079047,4.5092554,-6.9125957,4.895151,0.47651386,-2.397468,-0.30733308,1.1328338,-1.9767027,0.5728586,7.5148735,0.7648634,3.9278274
VQKRRSSRQVKRKRYTEDLEFKISDEEADDA,0,True,-4.9111533,2.3928108,-3.7809963,7.841558,1.9733473,0.7214626,2.971747,-4.304638,-7.5405803,3.6294603,-3.8486497,-1.9429554,-4.217538,-4.7332525,1.2225395,-2.7985215,1.8450212,2.3827791,5.3739944,-6.5201797,-2.6654587,1.9832832,0.86841947,1.9494604,-4.2127976,-3.4961877,0.70152956,-5.124764,7.6928945,2.4712799,4.067502,-0.28924775,-1.7997712,-0.65368545,-4.0556927,4.6445017,-10.090168,1.6506859,6.004741,-6.8176713,2.324643,-0.88696635,-2.065047,1.472904,3.6066675,-2.118717,-0.51776886,6.6493673,-1.4289693,4.5701923
DTSSTASWEGTHSPVTQRFPHSEETTTMSRS,0,True,-5.0402365,7.0220523,-0.96427137,7.9753494,1.9365953,-1.8768502,-4.3848424,-5.833351,-10.68675,4.8252068,-4.5586596,0.42548406,-4.893159,-3.7907705,1.1117601,-3.6029186,3.2815654,-2.4632113,4.045711,-8.2400875,-2.3500843,3.600518,-1.0503132,1.6302332,-1.8875701,-5.3844543,-2.2171545,-4.273532,7.399695,1.7552104,3.9835517,1.8000827,-3.4767208,-0.8032021,-8.357409,2.2202806,-8.272097,-0.08064154,3.8910508,-7.49942,2.5029674,1.383124,-1.2554644,2.6246047,1.9406428,-1.57469,-0.6301789,6.843235,-0.60687554,6.6866474
PEVPGSLPASHKYDLSDMQAVARFVKWQYFE,1,True,-6.3613324,2.7034476,-3.0736654,8.269142,0.6316325,-2.0085156,-1.4942349,-2.5914202,-8.47148,4.0132236,-1.9363372,-0.040093288,-3.5496652,-4.482886,2.8833263,-5.7736144,1.1786501,0.91818047,3.8001354,-7.474496,-1.8242514,4.26034,-0.4079014,-0.9221565,-2.6287763,-3.3855302,-0.52264476,-6.1532593,6.953803,0.301547,3.012849,0.03128478,-2.7318468,-1.5411081,-6.0021925,1.6543138,-10.192229,-1.1134145,3.4456239,-5.7310286,3.8528454,1.5781574,-1.9164062,1.9008613,-0.31419936,-2.1064796,-0.17073631,7.888026,-0.9533886,3.4106584
ILAKWLEQAARNLELTDKANWPENGLQLAEI,0,True,-6.273997,1.7690753,-1.1467346,8.0654545,-1.4399847,-0.5877486,-0.45167315,-2.3051684,-7.741486,4.2360463,-1.8029549,-1.6388792,-3.8597105,-5.787815,0.80844605,-4.552465,2.3012636,0.48193473,6.3041463,-5.163713,-0.9943334,2.9699907,-1.2733917,-0.26578325,-2.8873072,-3.2449515,1.4409834,-7.22217,6.280174,0.10515462,4.055328,-2.1422274,-2.3136652,-0.050997637,-3.9804335,3.8135948,-11.157139,0.57272404,3.3597627,-5.7428403,5.247325,0.7071718,-0.025239445,0.6952552,0.5396163,-1.1460743,-0.3988587,7.4582872,-2.179614,3.103219
PATSMVSGLSSPRTRTSSTEGNFTKEASTYT,0,True,-7.808185,7.2348385,-2.0756786,6.087378,1.7639129,-0.3202629,-3.699575,-4.7883353,-10.721185,4.7578273,-4.7225485,-0.16096213,-4.651379,-2.8088596,0.34831366,-4.878244,2.5200748,-1.3634449,2.911612,-9.467867,-2.5320673,5.447875,0.50296545,0.5958752,-3.2466676,-5.7158856,-1.2497083,-5.1316442,6.4082026,2.2520354,3.1193867,-0.52765775,-3.3102787,-0.03219504,-7.86917,0.6619199,-8.079578,-0.51915824,4.116635,-6.993738,2.704434,1.5001748,-1.9842044,2.871962,2.4234114,-1.8179193,-0.72706413,5.913736,0.0406897,4.9328184
NQASMGCQAPKPDMISKLEKGEAPWLGKGKR,0,True,-6.1348286,4.3472977,-3.5959246,7.3979354,0.01460664,-0.7103184,-2.1645122,-2.2967231,-8.77924,3.3459647,-3.2293608,-0.43388173,-3.7649724,-4.7413073,0.65230006,-5.156837,1.4215555,0.17516217,4.963646,-6.475208,-4.157578,2.9772258,0.32011548,-1.2648573,-2.3491051,-5.404753,0.16237175,-4.560001,8.467325,0.5046256,3.245917,-1.9911819,-2.8868446,1.6031222,-4.2050815,2.1510887,-9.790094,0.31908315,4.1453934,-4.6891904,5.435925,0.9295397,-0.9796766,-0.6849747,0.5794549,-0.861966,1.0968266,9.596743,-1.730113,3.374449
LETLPKRSNISGSHSYPLLSKKNWHGVHKND,1,True,-7.0735345,5.403653,-1.968534,8.442476,0.7563168,1.4693933,-1.3068906,-5.03661,-10.579458,5.4511385,-2.5724034,0.72057074,-2.8756714,-1.8316672,1.0925502,-3.540396,3.4800344,1.0865744,3.2962928,-8.116477,-2.6936655,2.208023,2.093896,-1.8024503,-3.0681503,-3.6625023,0.78268206,-3.6047204,6.3536644,2.9734304,3.3103395,-1.3649311,-0.015657604,0.13310337,-7.781909,1.2121611,-8.729492,-1.4583578,4.0841317,-6.084349,2.7277863,0.9490082,-1.0258645,0.37116036,1.6181909,-2.428502,1.2370754,8.224047,-2.2539334,5.2082586
LEKGEAPWLGKGKRPSQGCPSKIARPKQKET,1,True,-5.760816,4.3623257,-3.5676067,8.015588,-0.556929,-1.0538555,-1.9262873,-3.7874448,-8.44195,2.2156615,-4.120552,-1.1728343,-4.5031877,-5.6753273,-0.49318504,-5.492457,1.7456005,1.3963774,6.654519,-6.90331,-3.6104085,1.206635,0.6733642,0.03398287,-2.3355777,-3.898217,0.20808408,-3.8993232,8.029232,0.80408454,3.615249,-1.575844,-1.8764073,1.4920225,-4.0154066,2.3122942,-10.723877,0.4121633,3.8576224,-5.801253,3.7245042,0.31351462,-1.1145604,-0.04998397,1.4521132,-2.2594924,0.48875865,9.16054,-1.7487433,4.3562174
LEPEEKAEDCWELQISPELLAHGRQKILDLL,0,True,-4.583454,1.0828096,-1.9804709,8.075625,-0.40610868,0.19045988,0.29871657,-2.6779323,-7.7320666,3.826286,-2.6060505,0.017821655,-4.33117,-5.047066,2.0722275,-4.349458,1.5633796,0.4693686,5.9758134,-6.275622,-1.8787202,2.751819,-0.49812788,-0.54696435,-3.2458627,-3.371241,0.49242526,-5.998545,8.07983,-0.64285386,2.7635126,-0.30861658,-2.3704515,0.37403417,-4.291856,3.3361425,-11.506398,1.7438351,3.3528898,-6.6860156,3.8879619,0.27788123,-1.1625235,-0.1721425,1.9989586,-2.329667,1.0885198,6.8526964,-0.5790648,5.2336736
SPIVLTASFTETSTVSLDNETTVKTSDILDA,0,True,-5.7396917,6.0956454,-1.8113176,7.326019,2.5843384,1.0994188,-2.7168338,-3.0799754,-9.569356,4.68673,-3.0419319,2.1683803,-5.143067,-2.7885246,1.8267542,-3.9170423,3.449933,-1.0294356,1.5725603,-7.4604626,-3.0960405,4.664364,2.1410937,0.058952983,-2.2040396,-5.139182,1.4851973,-5.736008,7.465102,0.8706434,2.7163646,-0.68971545,-0.5947254,0.8617115,-7.2601686,1.2352748,-8.842825,0.02417741,3.293223,-6.813247,4.2439566,-1.4720806,-1.1761312,2.7492895,1.593313,-2.4688077,-0.028575636,7.223593,-1.0814519,5.997761
GGKSASAPNTEGVKSSSVMPSPSTTLARQGS,0,True,-6.9315023,6.452534,-1.1103827,7.833236,1.5648975,-0.2891813,-4.0680013,-4.6812778,-10.208479,4.5102425,-4.527789,0.29450357,-5.869156,-2.8059065,1.5974799,-6.2626595,2.666663,-3.4289362,4.9841175,-9.7274,-4.6096396,4.3640814,-0.39100292,-0.057584822,-1.4215419,-5.6469975,-1.9989169,-4.933186,6.642401,2.4127138,2.1159213,-0.23069088,-4.143477,0.12089786,-6.8981776,1.9867537,-8.258706,0.4528135,3.9334738,-7.361417,2.5284379,0.6861885,-0.37142146,4.0085397,-0.5904188,-2.923446,-0.77580875,7.316956,0.6730793,4.3093314
QVPLGPAEQGSSPLLSPVLSDAGGAGMDCEE,0,True,-5.9997897,3.4352007,-1.2652078,7.5623426,0.60027695,-1.2559944,-4.9020557,-3.2872257,-9.823858,3.7072978,-2.1630363,-1.1135278,-4.351369,-3.0610502,1.9385358,-8.763013,0.042968344,-1.3488405,6.340583,-8.431579,-4.026589,5.0076656,-0.72357833,0.25936916,-0.84589577,-6.979766,-2.369073,-6.1576715,6.6272435,2.143412,2.6889663,1.0361838,-5.527542,-2.105371,-3.4752543,0.7615235,-11.24621,-0.75811815,4.748128,-6.0516267,4.867949,0.7722392,-2.2249398,1.2126186,-0.60041916,-1.9945345,0.11109556,7.5809975,0.060455367,2.4335759
NSSLWKNLIDEHPVCTTWKQEAEGAIYHLAS,0,True,-6.669046,2.6318393,-1.8603034,7.283401,-1.1959155,0.47000432,-1.0038579,-2.6817331,-7.6832857,5.4237347,-2.0586953,0.9223388,-4.5379944,-3.533477,1.1447737,-5.575758,3.565482,1.6570909,4.6508064,-6.511564,-2.1341784,3.7943528,0.42123142,-0.7620216,-2.7235339,-2.910306,0.1895521,-5.512554,6.8868785,1.3366594,3.6145287,-0.6338643,-1.59996,0.46199694,-6.247976,1.9231328,-10.165023,-1.4903569,3.7552373,-7.0789895,3.794827,0.7333454,-0.930838,0.14328264,2.154378,-2.968392,1.1129668,8.162006,-0.9181486,4.32131
YFIDDMNMPEVDLYGTVQPHTLIRQHIDYGH,0,True,-5.6944313,4.883636,-1.4664294,6.489781,0.014477877,-1.1797084,-0.20887782,-3.8764856,-8.737329,4.400546,-0.09075308,0.8420578,-5.012429,-3.6021597,2.1150377,-4.755942,1.6964941,1.1074055,3.3280437,-6.7913694,-1.3004704,3.9490495,0.6811769,-1.2867372,-4.0466366,-4.662562,0.41071808,-3.8374104,5.3057065,1.1909761,4.6249666,-0.11961329,-2.4948454,-4.710551,-6.5678678,1.060144,-9.691376,-0.3375235,4.4657245,-5.6072545,4.280167,1.1091698,-3.0840206,-0.21864694,-0.9228903,-1.3736022,0.2150949,8.35548,-1.4100759,3.0510361
KEIWSLNKEVRVWDAYTGLEGTVKDMTASLR,0,True,-4.3694615,5.2126474,-2.666284,6.768345,0.76516247,-1.4396733,0.30046636,-2.2959948,-7.8296266,3.6573942,-1.7889074,0.3658538,-4.7002797,-5.7215815,1.9246278,-5.2609515,1.8489804,0.29608777,3.5846362,-6.848496,-1.9874922,2.7999554,0.25099877,-1.3014016,-2.2945588,-3.9780872,1.2584671,-4.748654,8.351827,0.27138823,2.3663807,-0.2112927,-2.7108843,0.01982741,-4.81886,1.6626649,-10.784553,-0.7098898,5.146331,-5.8743114,4.004433,0.7148328,-1.1823152,1.0791986,0.49377155,-2.270127,0.9182196,7.944379,-1.0786414,4.487707
LHIPVQRQVAHCKNASLLLGEKTIILSRQTS,1,True,-6.8987026,3.2471013,-0.27727413,8.72725,-0.120532356,0.010467239,-2.0339718,-3.0214963,-9.720189,4.1958194,-2.158587,-0.62095046,-4.146017,-3.2781358,1.8950208,-6.5729647,3.285857,-0.7026453,3.0196195,-5.8731527,-2.3527331,4.7695236,-0.59187484,-0.64485115,-0.22389984,-4.2043552,1.718955,-5.397426,7.4803157,1.1963732,4.174177,-1.3330717,-2.3974733,-0.16671747,-5.937069,2.8025272,-9.202912,-0.7899513,2.3451154,-6.8732557,4.7220674,1.2926902,-2.065965,-1.289228,2.5904317,-3.089895,1.2827243,7.4004674,-1.1684405,4.000943
QHEPKKVADLGCGDTSLLRLLKVNPCIELLV,1,True,-5.865585,3.7039247,-1.3978915,8.4027,-0.3149566,1.9622353,-1.0908933,-2.0981529,-7.3704133,2.752076,-2.4943688,0.5284389,-5.4430037,-3.051763,0.57975894,-5.9377465,2.665448,1.0316288,4.0283422,-5.74905,-4.6186314,3.8141713,-0.67019004,0.41756514,-2.9321227,-2.6166618,-0.4915296,-5.005903,7.3684535,0.8043234,1.2023335,-0.42888132,-2.4601276,-0.44337657,-4.519836,0.81339455,-10.71925,-0.77855676,5.9311314,-7.2978497,4.575908,1.3477939,-1.4960473,-0.38465008,3.3265417,-1.815354,1.6210852,8.703403,-1.3240422,4.1980176
HLLGFKAKGDYLPETTRPQEMMKIFAFANSL,0,True,-6.5029445,4.2489495,-3.1605484,6.303274,0.8465787,0.2094768,-0.11941573,-3.2922463,-9.066598,3.860302,-1.540613,-0.13840644,-3.5184333,-3.3825533,1.0814853,-5.1845427,1.2291826,0.7407175,2.6167152,-6.972019,-2.3420184,3.509497,0.42941314,0.96938264,-2.4187896,-6.0881324,0.88279223,-6.223381,7.4705057,-0.16648293,2.4262187,-0.5521002,-0.60168874,0.23795643,-5.5159545,0.650442,-11.210206,-1.5132483,4.507931,-6.274298,3.4192383,-0.3151551,-1.5551901,-0.4507857,-0.20735155,-1.5131099,1.9720398,6.9700274,-1.7117548,4.2420397
NDITDEVLDGLNPIQTDVERIKDTYGRTQNE,0,True,-5.6984205,4.5007215,-1.8998121,8.538754,1.8200636,-0.20406564,-1.3026868,-3.2176414,-6.5004964,3.4616685,-2.0527194,0.82781553,-4.8684554,-5.4317017,1.6925445,-3.0026467,2.258043,0.2227655,1.94887,-6.476981,-2.3351426,2.9949796,1.3001368,-0.78610814,-4.2253385,-5.688649,1.5162535,-4.465776,5.364828,1.179997,3.6654637,-1.4264234,-2.1540897,-1.4723021,-4.697476,2.2226253,-10.201077,-0.5769525,3.5722923,-6.111169,3.916281,1.2498461,-1.8334137,-0.37936464,2.119743,-2.9521859,0.8612884,6.9880724,-2.5825295,5.1956735
FQDVIETRGREYAGLYDDISTQGWFIGLMCA,0,True,-6.232768,3.334368,-3.7286491,7.0854745,1.3917499,-0.48767272,-1.0920924,-1.3821151,-8.566683,5.3818674,-2.3067954,-0.47988734,-2.4590857,-3.820698,-0.033029363,-5.183463,1.0919496,-0.13102806,3.2735882,-7.915202,-2.6122754,4.1133823,-0.20371047,-0.3377249,-0.2912193,-6.081178,-0.11608603,-4.977696,6.856122,2.2632062,2.3603854,1.0566185,-1.9285812,-1.9410908,-6.0076313,1.3656601,-11.4785595,-2.2870033,3.0192676,-6.634094,3.8047736,2.2577064,-2.4478683,-1.8263916,-1.6936065,-1.530169,2.0126424,6.088438,-1.7427354,4.661923
MGFHFTTGIPAPSTETELDVLLPTATSLPIP,0,True,-6.6965175,6.289448,-2.600534,7.2504253,0.4078681,-1.5366343,-4.161654,-3.656998,-10.939042,3.2822797,-2.2308652,0.32920942,-5.6054935,-3.7683651,2.2918737,-6.0018315,2.3346388,-1.3928615,3.556131,-7.6090746,-2.236756,4.975465,-0.22135265,0.5553779,-1.1000253,-5.0961413,-0.79234,-7.0659003,6.490261,0.4308219,3.6495695,0.6997787,-2.8891077,-0.6746205,-5.8514185,0.3068872,-9.926659,0.076805055,2.5038307,-7.273715,4.6363926,0.61259747,-1.8781216,2.071411,0.24902238,-1.6826102,-0.22679314,5.9542465,0.99810195,4.361856
PPFPIIIHDEPTYARSSKNAIKVPIVINPNA,1,True,-5.8745728,6.7696,-2.0715718,7.586872,2.2839599,-0.63695097,0.19681099,-2.9805188,-8.307854,3.0005434,-1.8412318,-0.45485902,-5.4037266,-2.1847742,1.9189247,-4.5001297,4.147663,1.9363151,1.8293103,-8.758554,-4.627249,4.3887916,0.90479743,-1.0612599,-3.7222073,-3.9374866,0.2677732,-4.1081605,5.58222,1.9041938,1.5864942,-1.4410988,0.14124182,-0.28528363,-6.7254295,1.0225575,-9.360005,-2.4305403,4.2089443,-7.6137395,5.0100503,1.6877223,-3.2163703,0.36549073,-0.43419248,-1.9950202,0.8594146,7.2389317,-1.4311726,4.223339
YGISSAHTLLRGTLRYKGYMKALNGFVKLGL,1,True,-6.3123574,4.8630743,-1.0640178,7.7382402,0.13375805,-0.03832677,0.09190768,-2.6535196,-8.370704,3.3385653,-1.5246996,0.908682,-3.720453,-3.192843,2.262803,-5.9550967,0.24496503,0.14924158,4.200251,-7.6629705,-1.56276,3.7663481,-0.29849923,-1.4235835,-1.4745356,-5.070955,0.87051964,-6.004612,6.123778,0.6209306,3.6637986,-0.4194364,-1.8522162,-1.2225324,-6.68115,0.7525479,-9.528215,-2.8174725,5.7217426,-5.5482044,3.1604996,1.9818094,-1.8907135,-0.152159,0.26877537,-2.8439732,1.1628374,7.859356,-0.7218814,4.085151
DHMGFHFTTGIPAPSTETELDVLLPTATSLP,0,True,-6.7993846,6.2459226,-2.288581,7.390171,0.5064812,-2.0292833,-4.2371316,-3.2705863,-11.35385,3.7557616,-2.0227814,0.5731014,-4.5452414,-3.5206578,2.59284,-6.0988145,2.3068411,-1.6926043,2.791623,-7.148291,-2.395154,4.775885,-0.88963753,0.06998001,-1.1112891,-6.121749,-0.80433816,-7.2115865,5.762791,0.04055976,3.6407452,0.10731459,-3.065637,-1.2162756,-5.821501,0.24079174,-9.595972,-0.12843671,3.2072227,-7.2913857,4.4527993,1.0364264,-1.6407464,1.6404438,-0.059503477,-1.9717703,0.7709146,6.004406,1.175884,4.522565
ILGKGAYGTVYCGLTSQGQLIAVKQVALDTS,0,True,-5.2470026,4.0869536,0.33065584,6.5361094,-0.86395705,-0.3499998,-3.3094072,-1.5714278,-9.2495365,3.9937692,-1.5468168,0.44621402,-3.7654085,-5.4131618,1.8223358,-6.7751737,2.1861644,-0.29575598,3.4411194,-7.7693434,-3.741407,3.8838453,-0.64804953,-0.7272285,-0.9420698,-5.284908,1.5886698,-5.38858,6.446672,0.35614818,3.7903051,-0.8572186,-1.5649441,-0.8143134,-4.9469676,2.9143407,-11.411103,-1.6689416,4.608466,-5.209014,4.851037,1.2419891,-1.3247757,1.0448989,-0.19363359,-1.431318,0.80731624,7.642673,-1.4350163,3.0419014
EKKVWEEHLVAKGVKSSDVSPPLGQHETGGS,1,True,-5.637578,5.7869844,-1.74295,7.0326757,1.3305287,-0.9099275,-1.5247371,-3.4871535,-8.117049,3.303239,-3.5751073,-0.36958027,-5.1570044,-4.869359,1.2690364,-4.8618393,1.5419595,-1.0254731,4.7773876,-8.066893,-3.8361404,2.461674,-0.3142392,0.026692212,-3.0369065,-4.349936,-0.64659005,-5.481857,8.156281,1.7503742,2.4159303,-0.34438467,-1.4514328,0.45028815,-4.2258463,2.4121227,-9.613324,-0.75515926,5.860549,-6.6425805,3.0944052,0.18966012,-0.69092244,1.3640451,-0.16381806,-3.183757,1.5667396,8.38026,-0.8633825,3.5541172
KTKPKKLLFLGSDGKSYPYLFKGLEDLHLDE,1,True,-7.8185987,6.085153,-3.1059122,7.3551855,0.2735291,-0.51182646,-0.19549535,-3.4280443,-7.5854044,3.707105,-2.9747744,1.5566158,-2.9480224,-1.7362555,1.1833357,-4.459998,3.3222206,2.3155303,4.2130756,-7.65671,-3.5357044,3.4080799,2.889286,-0.49928042,-3.0133338,-5.0296955,1.3650222,-4.1132116,5.4828258,2.1444533,2.566385,-1.007955,-0.94372654,1.0996737,-7.0003495,1.314092,-9.004,-1.5025624,5.21762,-5.1503625,4.8409066,0.6231543,-1.1788381,-0.91487116,1.738404,-4.9152317,1.1914058,8.3361025,-0.7061635,5.6133966
STVTTEVNGRTIPNLTSRPTPMTWRLGQACP,0,True,-4.939244,4.560852,-1.101184,8.473787,0.17033482,-2.058471,-3.781246,-3.6809857,-8.158017,3.049672,-2.1871617,-0.27172595,-3.2115705,-4.9687214,3.1215324,-5.183657,2.266423,-0.489479,4.333448,-9.330484,-2.9181874,4.365407,-1.0941212,0.7217348,-1.3399098,-4.603545,-0.5696009,-4.650288,7.5171504,0.638144,3.0110679,0.30627114,-3.4311454,-2.2194166,-6.9258566,0.48652697,-10.346313,-1.4295381,2.3742013,-6.63059,4.857351,0.13559264,-1.1256996,1.0695077,-0.021308005,-0.9491579,-0.17605758,7.884854,-0.080820546,4.1049867
NPKTGPTLRKELILSSNIGQHDLDTKTKQIQ,1,True,-7.146863,6.0327654,-1.7674527,8.354769,-0.76672864,0.20346712,-1.1520846,-4.633608,-8.761112,4.2403336,-2.528859,0.79712325,-4.779097,-2.1150746,1.653944,-3.0319161,2.8284702,-0.18257102,3.977736,-7.1760755,-3.2131603,3.5324364,2.10049,-0.92513317,-2.3830473,-4.355856,1.5637395,-4.8667517,5.949627,2.7952476,2.2297025,-2.240687,-0.1218001,1.0410497,-6.5517387,3.3917165,-9.765523,-1.1167533,3.2031584,-5.9969177,3.8231583,-0.32527563,-0.93763477,-0.15358977,1.2655035,-2.5401015,1.490016,7.3138394,-1.3474536,4.8156543
FGDNSFKDSRHLNFLTSEQALADFAELIKHL,1,True,-5.6558766,3.1678452,-1.9707927,7.6629453,0.85911435,-0.60644555,0.68758774,-4.7642417,-7.9281645,5.1503706,-1.5044879,0.4757835,-3.9497464,-3.1528358,0.94947743,-4.2643538,3.3816779,1.2072496,3.802471,-6.94507,-2.080671,3.307304,1.18268,-0.8719543,-3.5889945,-3.392404,1.4507363,-5.2136106,5.3127146,1.6607201,3.981329,-2.005495,-1.2509619,-0.9430917,-6.022556,2.1321912,-10.108889,-1.4665934,3.6131766,-6.1571198,4.963465,0.63001734,-0.6886188,1.0141004,3.1844354,-3.36532,0.36309862,7.318837,-0.5865092,4.165246
SPHPVSTTFLAHIPPSPLPVTSLLTSGPATT,0,True,-6.8313484,6.2565,-2.1043644,9.10582,-0.15190941,-3.0842369,-6.231227,-4.80228,-10.830707,3.1129754,-2.013677,1.032959,-4.884121,-3.7756655,3.1671886,-6.5654974,2.8793402,-1.9117243,4.065336,-9.6130085,-2.2422922,5.6793766,-0.5773398,1.3561428,-1.243769,-5.080313,-1.9845462,-5.9054346,5.4123297,1.2577422,2.3856163,1.3089007,-3.4695425,0.0026676208,-7.5795665,-0.3799973,-9.836509,1.7822125,3.7612114,-7.5340123,4.378979,1.5610543,-2.429995,1.7581695,-1.0776931,-1.1848006,-1.3764708,7.137886,1.7522194,4.3547606
AGALWLHLMHYCEACTAPKMPEFILYAFHST,0,True,-6.2648716,2.6394742,-1.1240377,8.693976,0.26078323,0.716877,-0.88564265,0.09117289,-10.718487,4.9217663,-1.9838812,0.18465547,-1.1896354,-1.9193431,0.99935555,-7.754374,1.5587788,-0.22426112,3.4492347,-7.941154,-0.964038,3.9299269,0.27873632,0.6665643,-0.8440772,-2.4180748,-0.90678775,-4.790699,7.5538077,-0.57122815,4.135791,0.5645821,-4.1791463,-2.5018396,-6.58646,1.1190572,-10.359983,-1.2965785,3.3523955,-7.359745,4.922005,2.0551894,-4.0162163,-0.9677946,1.9292586,-1.5141625,2.4231837,7.5607314,-0.2835844,1.6673089
EEVSLRRVIGAKKDQYFLDKKMVTKNDVMNL,1,True,-6.2040563,4.810436,-4.1747565,6.9857845,1.6811625,1.2443717,0.72706866,-2.5987449,-8.64145,3.8484323,-2.4970407,-0.6326384,-4.327905,-3.8861456,0.07758239,-2.759388,2.745445,1.2358575,3.4250479,-5.853518,-3.395022,3.2098947,0.75736517,-0.08543204,-2.9768841,-5.458672,1.5224001,-4.80567,6.6534233,0.64779127,2.449002,-0.38684288,0.18373165,1.2635288,-5.1203847,1.9897003,-9.957223,-0.882689,4.8986444,-5.8023777,4.264522,0.17650864,-1.1114339,-0.071317285,0.76068556,-1.9412744,3.241602,8.561259,-1.8376616,4.0627236
YQRLLQTIAVLEAQRSQAVQDLESLGRHQRE,1,True,-6.7383385,0.099097535,-1.5177513,7.741553,-0.8524929,-0.15270351,-1.4971639,-3.9032714,-10.077983,4.548256,-1.6902231,-2.1146657,-3.7384243,-5.085481,2.39654,-6.943173,2.0524275,-2.005362,7.621735,-6.129857,-1.1296593,3.1581678,-2.8647027,-1.3325775,-2.0812926,-4.1887975,0.45243502,-6.5786366,6.812025,0.3830737,4.928943,-0.27878624,-3.4518695,-1.3139858,-3.9093637,4.9917417,-9.796307,0.72896415,2.6276813,-5.7250786,3.7743523,1.7271199,0.029212505,0.37601814,1.9211174,-1.1076897,1.5540445,6.1160383,-0.93229324,4.00718
ATLGKIPKSAAIGGKSNAGRKTSLDGSQNQD,1,True,-7.0127206,6.0278707,-1.071109,5.4688187,0.8713425,-1.3656633,-2.6090765,-4.2754893,-10.379066,4.122535,-4.135313,1.4498211,-5.1790104,-3.2084222,1.0060581,-6.668731,1.8895512,-0.6606898,3.694918,-7.1165924,-4.101328,5.100422,1.8932035,-1.2156758,-1.4404764,-5.9379926,0.3501101,-4.1635165,6.934674,2.5646234,2.8031952,-1.9246775,-1.1062248,0.7873213,-5.9625974,2.6368494,-8.888033,-2.3236034,2.6206236,-5.1767974,3.968578,2.1506054,-0.64444077,1.6092492,0.08305206,-2.768167,1.8809911,8.214532,-1.3141031,4.4135294
VVGYVEGLFFKDLKQTMKKEQCEVKLLVTAS,1,True,-5.6229033,4.6147065,-2.2493007,7.6811657,0.47267973,0.7384143,1.5754126,-1.9717885,-8.547945,2.4141817,-3.0126605,0.38653576,-4.276384,-3.70027,0.5259234,-5.92897,2.4196339,0.84655714,2.8898335,-6.79263,-2.4606857,4.2647915,1.2414148,-1.0615561,-2.0393867,-3.7791712,2.4966424,-5.6779594,7.695319,0.624941,2.6835854,-0.3932718,-1.619837,1.899169,-5.3743043,2.465383,-9.971285,-1.6830719,4.1484094,-5.968893,4.598906,0.4737371,-0.33121395,-0.87981707,2.124071,-2.5205839,1.0706388,8.251288,-1.508979,3.6245873
DEDILMPFNLFCKHWTYLLLYQFPDQYSDIL,0,True,-6.5757456,2.4687688,-3.4045675,9.671994,-0.8537155,0.47428167,0.018456548,-3.2603498,-7.7616787,5.644188,-1.2637916,2.1121733,-5.568351,-3.0012312,1.1955125,-6.027618,3.7240343,2.9326165,1.7964249,-6.355329,-2.2978742,2.8927085,0.9567331,-1.2988477,-1.5676875,-2.2325077,3.4552333,-4.787039,5.5880404,1.3853055,4.4554186,-1.2833229,-0.40787217,-1.1250137,-6.4447374,2.1911612,-9.945125,-2.0373833,4.6493335,-5.0035996,4.26749,-0.55633545,-4.1852756,-1.5539813,1.1873224,-3.7646348,0.35085142,6.612185,-0.16288772,6.450282
LAIDDDNKTDKTQKISKKLSFLSWGTNKNRQ,1,True,-6.9376307,5.854468,-2.331465,6.1472726,1.9030107,1.0319294,1.7984767,-4.3721786,-10.185261,4.6559386,-2.8599691,1.4497706,-4.9851594,-1.4854399,-0.15382546,-2.842439,4.270833,2.5194855,1.2763442,-4.7284923,-4.682972,4.5607357,3.235469,-1.6082038,-3.4303231,-5.7701707,2.7720735,-5.041009,6.7777452,3.9332814,1.6557376,-3.2013245,2.0509095,0.039566733,-6.48111,2.00971,-8.927256,-1.9254714,3.491886,-6.278427,3.7808285,-0.29038697,-1.2193089,1.0391827,3.6858976,-4.5931683,0.84114444,7.1119003,-3.2900062,6.2152724
DPRTVVGKQDGRGCTSVTTALSLPELEREDG,0,True,-4.7778172,3.6401348,-1.9481506,7.5947733,0.93166023,-0.66971403,-2.6699026,-2.912542,-7.527955,3.746591,-2.6743896,0.48967284,-5.1445847,-4.0703607,1.444507,-6.1190534,0.99722797,-0.42005134,5.3388767,-7.8626733,-2.8856118,4.0824494,-0.23385467,-0.26806653,0.8315029,-5.0269217,-0.8448337,-6.0900393,8.785962,0.801747,4.0428696,-0.878132,-4.2941456,-1.053399,-5.5680532,2.4726312,-10.057658,0.551306,2.8923514,-6.5065923,4.647259,1.919782,-1.0721564,0.8006666,0.6273574,-0.62660164,0.89328915,7.9406347,-1.5163215,3.5509984
FWTNWNEQHPSIMRSTLTGKNAQVVVSTDIL,0,True,-6.441849,5.2772546,-1.4191674,7.7642617,-0.16062416,0.3576914,-2.1950881,-2.5703902,-9.6227255,5.82994,-1.0741174,1.7041538,-3.5128417,-2.1627622,0.53040963,-4.2871485,1.8464011,-0.36601186,3.4027152,-7.4530525,-3.6855073,2.9338353,-0.21565682,-1.5049326,-3.4349964,-5.013463,0.49480787,-5.201727,6.1098547,1.6071739,3.1903944,-0.24977362,-0.96611726,-1.1538378,-6.3855305,2.0953665,-9.5585985,-1.2520909,2.868253,-5.613661,4.338191,1.2427654,-2.3503268,1.5243926,-0.76611257,-2.0709653,0.18136895,7.9110975,-2.7924626,5.152098
YKYPRKVAFVSELPKTVSGKIQRSKLRSQEW,1,True,-6.0876365,4.4367075,-3.5980182,8.681092,-0.22222775,1.3225951,-0.46921498,-3.2435381,-8.502568,3.5247536,-3.0744941,-0.088128984,-3.974562,-3.5737495,0.7919819,-4.4239664,2.5804708,1.0889555,4.9642153,-7.8329616,-2.9682493,3.177,0.68976563,-0.63433015,-3.5024538,-4.180644,1.2138027,-4.109482,6.884137,0.7372761,2.8266335,-1.246964,-0.634094,1.7378725,-5.1860123,2.1373641,-9.440152,-0.53731006,4.4963026,-6.103087,3.0063512,0.9854196,-0.48131064,0.944752,2.25857,-1.552441,0.96658224,7.329249,-0.183068,5.0459065
SFSFHPMAGCEGCNCSRRGTIEAAMPECDRD,0,True,-7.6855326,3.516731,-1.1645565,7.191827,0.14612657,1.5765859,-1.3461076,-3.7430544,-5.304909,4.787009,-3.7700617,0.26137197,-2.9067185,-4.5239606,1.7160941,-9.589524,-0.028528422,-0.16056895,3.260285,-7.106792,-2.6440437,2.6858568,-0.9535148,-1.305061,0.05369974,-3.138889,-2.19514,-4.8838086,8.608594,0.45312667,2.1052396,0.61757237,-4.731487,-3.7485125,-5.764093,1.496622,-10.168659,-2.0165732,6.2861667,-8.010833,4.685146,3.2252965,-1.9243965,-0.6728339,3.7966716,-2.92403,1.7762761,8.3966,0.29863855,2.7628
MWDQLEDAAMETFSISKERSTLWDQMQFWED,0,True,-4.893922,2.4187858,-3.6058257,7.1695237,0.9702579,0.6119948,-0.10056807,-2.6459095,-8.607169,5.068299,-1.6949213,-0.5717621,-6.084706,-3.248356,-0.20927504,-4.1824965,3.0190594,1.0951259,5.7181234,-6.5639,-2.3840277,2.7239878,-0.7872621,-1.6006204,-3.1037304,-3.8275833,1.4923015,-5.8591743,5.880235,1.6118023,3.7661343,-0.44467407,-1.8306845,-0.5009426,-5.817949,3.6433706,-11.518275,-0.52607906,3.8245451,-5.733837,4.2072663,-0.07344892,0.067708865,0.68005013,0.78655976,-1.5392028,0.054994136,6.013545,-1.5973926,5.280622
SHVLNKEDLIEDLSQTNKNTEKGLDNSVTSF,0,True,-7.1220593,5.831595,-2.5932903,7.7334337,0.31725746,0.47672355,0.20995851,-5.5307827,-9.1987,3.4740615,-2.520326,1.5040288,-4.293825,-2.7603726,-0.5871402,-1.814123,4.242475,0.82371324,1.3466285,-5.3799024,-1.8383266,4.061379,3.2922678,-1.3343996,-3.7572932,-4.072534,1.2831924,-4.4482913,5.9015474,1.8543656,1.6913811,-3.2432582,-0.37016007,0.74652565,-7.516419,2.1527705,-9.165982,-0.36582312,3.5624344,-6.3247766,5.031927,-0.8771511,-0.6403909,0.22795421,2.579837,-3.6933992,-0.062223136,7.787225,-1.9092,6.122551
SGYSDEDRKGFTKLVYQNIFTAMQAMIRAMD,1,True,-4.8284874,3.3523152,-3.5850236,6.5314655,0.3865594,-0.3569274,0.32951796,-2.7490892,-8.630214,5.3516693,-1.5391346,0.32319805,-4.376158,-4.7935543,0.8580659,-4.9426136,2.2123802,1.4830924,2.85382,-7.152173,-2.6630323,4.217415,0.25503048,-0.37726867,-2.3582804,-4.284453,1.8573844,-5.7982044,6.6636906,1.5767188,3.7697027,-0.2915781,-1.3845139,-1.7795647,-5.4146385,3.4467225,-10.160963,-1.4447148,3.9911885,-5.570991,4.3804393,-1.1294603,-1.0544118,-0.7755636,0.89438444,-3.3283398,0.647102,6.5130577,-0.5760134,4.2360945
KVRGLIDSLRAQRSRYMKLTVVKQEDKMEML,1,True,-5.297553,1.8569479,-2.621951,6.752491,1.2721975,0.69305015,1.1977855,-3.3793302,-7.606029,3.5131273,-2.1151764,-1.7084476,-3.8057096,-5.7192373,1.4220917,-4.7174573,2.1383648,-0.056360647,5.657444,-7.6111937,-1.8179845,3.365187,-1.4097103,-1.720051,-2.578338,-2.7974284,-0.06512709,-5.262565,7.681187,0.9122402,3.3233056,-0.5145788,-2.233117,0.105139896,-6.3760085,3.2127006,-10.95489,-0.5332342,3.7016351,-6.344142,2.2886086,0.6507013,0.58202875,0.6353245,0.3247518,-1.5002089,0.7601327,7.0952425,-2.2524052,4.5847774
LGTGANTPARVFVALSDYNPLVMSANLKAAE,0,True,-6.322754,4.4276056,-1.6312627,6.0382733,0.63021845,-1.3165534,-2.3580368,-1.6229262,-10.093045,4.125032,-2.7446277,0.14872254,-4.1735353,-4.06036,1.0348434,-7.178343,2.22033,-1.4493791,3.033657,-7.8383274,-3.328336,6.7939854,-0.12110423,0.93770015,-0.15750024,-6.081841,0.657346,-7.342617,7.5751224,0.029740952,3.7890575,-0.507455,-2.091715,-1.0598751,-4.394254,1.0757806,-10.507627,-2.0537038,3.1743474,-5.6247115,4.328038,1.0577672,-1.65283,1.5126483,0.7066323,-1.1105101,0.24755785,6.6415424,-0.85217357,2.1791823
IHLSDETNLNSPIRPYENPRYFKNVIALAFD,1,True,-6.111783,4.6971617,-2.6019607,7.917594,0.9862828,-0.40140948,-0.5280639,-3.3723052,-9.836966,3.3787441,-2.2434192,1.061949,-4.1875196,-3.0056891,0.65655327,-5.4711466,2.7246406,2.0399864,3.1299157,-7.4607854,-1.7206583,3.923601,2.1839764,-2.0740783,-3.7102108,-4.118544,1.9886018,-4.2484593,6.562697,1.6868461,3.7845693,-0.56434834,0.193964,-0.36871007,-6.7454023,1.3013253,-9.606023,-1.8789676,3.395273,-6.3217235,4.0149503,1.6991664,-2.0087874,-0.15502761,1.6187525,-3.7955792,1.2612971,6.7729464,-0.3813186,4.4156284
CGERGPGEGRPQPELYCKLVGGPTAPGSGHT,0,True,-4.3544927,3.852963,-1.5873631,7.880758,0.9247203,-3.2023852,-2.9655335,-2.8225088,-7.26873,1.8260791,-2.144941,-0.5275951,-5.798759,-7.1472607,0.6447744,-9.653139,-0.53735256,0.03185591,5.90032,-7.538151,-4.530461,3.8786762,-2.854033,-0.09406525,-0.7236612,-4.041166,-3.4194744,-6.1182594,7.2658973,1.3958673,2.4649227,0.79657394,-5.4263945,-2.2635682,-5.5747375,0.79190725,-12.072937,2.0301092,4.466323,-5.9891796,4.031068,2.6158755,-1.600149,0.9764339,0.49827063,-1.8088981,1.0424391,9.123728,-0.5802927,3.1038468
KQPGLARSQHNRWAGSKETCNDRRTPSTEKK,1,True,-7.7847114,2.7495682,-2.594808,8.171747,0.08885217,-0.8718086,-3.1124034,-4.5461383,-8.14398,4.899975,-4.596658,-1.3933291,-4.077725,-4.860907,1.3189191,-6.4613156,1.395949,-0.7276629,5.5455213,-6.8933644,-3.333567,2.2959182,-0.47452152,-0.9842662,-1.7758099,-3.7071502,-2.0643604,-5.339856,7.3552074,3.0004678,3.532335,-0.79855037,-2.768565,-0.4717635,-5.708085,2.7564158,-9.964304,0.67128634,3.8856492,-5.891892,3.1800888,1.1118679,-1.2419499,1.1906431,1.6947703,-1.6736853,1.8282828,7.5399194,-1.5538127,4.594398
MSPPRPTRSIFQPYISGPSLLLPTIVTTPRR,0,True,-6.545079,4.5378656,-3.9617462,10.6272,1.933548,-1.5863283,-4.72895,-3.4720345,-10.078467,3.2364733,-1.6790545,-0.117178515,-4.976375,-3.3589513,3.9164524,-4.9832807,3.6225514,-0.011840664,3.832769,-9.183389,-3.0161192,3.85045,-0.72924113,0.17189115,-2.2171962,-5.142135,-2.0463045,-5.1219997,6.537295,2.261354,2.8941276,1.4812508,-2.124945,-0.89147365,-7.7009077,1.4285555,-10.272543,0.33895576,2.0712864,-6.555063,2.871691,2.3889477,-3.4465618,1.7866896,-0.15468112,-0.7884387,-0.35757723,6.7476335,1.7775583,3.7842405
NFFRQNGRNVQKEDRTPMAEEYSEYKHIKAK,1,True,-6.008128,3.2021039,-3.169112,6.6091714,1.0137239,-0.16287032,0.57026774,-4.4755235,-8.078653,4.5314016,-2.2062886,-1.070363,-4.0208797,-4.1640425,0.8367118,-3.4647508,3.1571002,1.9984574,3.9626234,-7.1113515,-3.7246165,1.8449547,1.314744,-1.6644324,-4.402806,-3.5982418,0.83235925,-3.193194,8.5643,1.8707471,3.1138687,-2.5919008,-0.7363672,-2.3604448,-5.9264584,2.7697105,-10.043515,-0.26067463,3.0242128,-5.948613,2.5720642,0.40456012,-1.4527804,-0.17488104,0.84887683,-3.2006724,0.81460017,6.915528,-1.8997924,5.338344
LLSNEPSSSSTSRNHSCTPDPEEESKSEASF,0,True,-7.0192947,5.2563324,-2.2502496,8.070926,2.1276462,1.0193502,-1.3975341,-8.204799,-9.604074,4.969393,-6.22998,1.6577691,-4.72543,-1.145008,1.5970196,-3.4348452,3.3927767,-0.14566535,4.041504,-8.99066,-2.4524627,4.1773624,1.0585089,-0.4964879,-3.2023687,-5.0613403,-1.8072088,-5.456083,8.986318,3.140158,1.937948,-0.16172516,-3.872862,1.4600546,-6.8485627,2.6992579,-7.9178667,2.0794406,4.9540777,-7.5997176,2.8292768,-0.50081843,-1.564439,1.9144781,3.4237955,-1.7565103,-0.9130492,6.3430223,1.3564377,6.036321
RSCQRSDSDAEAQGKSSEVSLTSSVTSLDSS,0,True,-6.002054,2.8014703,-1.8277028,7.235457,2.7595334,0.9558698,-2.0417988,-5.582183,-9.970645,4.647508,-4.9553337,0.89063716,-4.2253532,-1.5752169,0.8948142,-5.3667474,3.5769956,-1.1217575,4.749825,-7.8611875,-3.2058487,4.794509,0.43180534,-0.05151118,-1.1025454,-4.555925,-1.1676824,-6.3775353,7.6729097,2.3652806,2.953575,0.62779856,-4.9416795,0.7498703,-5.1264367,2.170769,-8.761252,0.37643266,4.995378,-7.54939,2.3973143,0.56018305,-0.309726,2.6919339,3.6719062,-3.4294217,-0.2288179,6.7788277,0.52322924,6.4967875
TDVISLSHSLASSPASVHSFTSGGLVWAANM,0,True,-6.209098,4.237946,-2.3392627,8.090048,1.9506419,-0.36278257,-3.6680255,-2.5136018,-11.552944,6.1741347,-0.65234405,0.30230945,-4.0813293,-1.8630489,1.2729685,-7.4777102,2.5496933,-2.4986544,5.007302,-7.8535256,-3.5315995,5.9748507,-1.5455898,-1.4424953,-1.2012961,-6.621711,-0.27037144,-6.944445,6.084534,2.928027,1.6165044,0.22004476,-2.9697616,-0.5821067,-6.324473,1.1989964,-9.442234,-1.2516024,5.0915146,-5.7065916,3.3766477,1.2302761,-2.4293842,3.0580893,0.5655163,-1.0163071,0.707789,6.221627,0.0099901855,4.2226152
EMGMRLLCEGKNQNGTHALSILLMSRKSSLA,1,True,-7.622653,3.352096,-2.2041907,8.27802,-1.1187704,-0.36436856,-2.3278813,-3.9090421,-11.085103,5.435368,-3.6141317,0.93965256,-2.6613374,-0.8584902,0.019768,-5.846036,1.5825979,-1.5901421,3.2464693,-7.509178,-4.012511,4.3613524,-0.33578348,-1.7500763,-1.2288264,-5.4094167,2.104505,-4.4578624,7.032476,1.4646198,3.1718013,-1.2189915,-2.544458,-0.06065396,-6.269085,1.9724398,-8.6945505,-2.6633863,2.9005055,-5.658766,4.815755,1.7513454,-2.364605,0.1262558,1.4445004,-2.672467,2.5035577,6.4893036,-0.70998025,4.453755
MYRKMVFYIEACESGSMMNHLPDNINVYATT,1,True,-7.3654003,4.768949,-1.9455464,7.7773447,-0.45839503,0.36500126,0.60143304,-2.8736134,-10.269962,4.3599944,-1.2005439,0.8746003,-4.2524962,-2.8811293,0.20519486,-4.4224133,2.30932,1.5347462,1.1582012,-8.088797,-1.6369735,4.6997476,-0.39940012,-1.2530073,-2.3169382,-5.2748957,1.8971357,-4.442932,7.143937,1.0686332,2.9073188,-0.9223078,-0.81472385,-0.8157941,-5.733169,2.4646637,-8.96139,-1.469103,4.1856976,-6.0822763,5.910206,0.80923325,-2.6266851,-0.11931336,1.0478944,-1.8721046,1.0203618,5.742217,-0.18998928,3.4062133
RREGDGTCSLHIESTTSDDDGNYTIMAANPQ,0,True,-5.323576,6.481443,-0.22981457,7.3049073,2.6471264,0.4361169,-1.8745403,-3.0454273,-7.8594985,4.0713606,-4.8909273,0.3196962,-5.5218325,-3.7457418,1.5465965,-5.807899,2.1016495,0.2505312,1.4489435,-6.3293667,-3.1814651,4.488135,0.07476416,1.2621999,-3.2315364,-4.9487042,-0.68418676,-6.230916,9.105712,1.8603748,2.4257812,0.047008872,-1.8982754,-3.8325758,-5.83328,1.5378425,-8.301239,-0.09894622,4.747302,-8.084228,4.760985,1.6878664,-4.0346317,2.0253823,2.7486064,-1.9699076,-0.2441037,5.4654474,-0.95875764,5.139404
GLSAVRTSNFALVGSYTLSLSSVGNTKFVLD,0,True,-6.449932,5.1216536,-1.1214697,6.213451,2.8633442,1.1316009,-2.573018,-3.8578393,-10.438732,5.5948997,-2.295085,1.3808317,-4.390403,-0.7020118,1.0704906,-7.2184453,2.961442,-0.8334678,2.5939465,-7.5954585,-4.074833,6.0012064,-0.3569064,-1.1255627,-0.33831674,-6.159585,1.2220014,-5.882649,6.311897,2.2605114,3.4298124,0.22308779,-1.0223248,-0.1407266,-7.575942,1.5020753,-9.4822445,-2.0419385,4.497352,-5.826715,3.2577674,1.366415,-2.2788553,1.382083,1.0665808,-2.0855181,1.3456213,6.948001,-0.9313773,4.764478
VFESFNLDGLFFPVVSFSAGVKVRFLLGGRH,0,True,-6.850797,3.7329583,-2.4563265,7.3056865,2.5897875,0.09286587,-1.7308987,-1.1879439,-10.524686,4.0391355,-2.2695694,1.8096912,-3.48145,-3.0527065,0.7606427,-7.030347,0.82459104,0.56486744,1.9430935,-7.7585497,-3.700375,4.5204005,-0.301827,-1.285046,-0.57367504,-6.2646103,0.9851919,-5.343789,7.786503,0.10595232,3.288309,0.33902216,-1.5914558,-0.60200405,-4.276167,0.53928185,-10.735101,-2.2550519,4.6771536,-6.0298505,2.8548462,2.772947,-2.2161775,-0.3247983,0.054675568,-1.3926668,0.21059775,7.4968624,0.32851988,3.9571815
KESLIPSSSGIPKPGSKVPTVKQTISPGSTA,0,True,-6.733062,6.5231404,-1.8703616,7.647257,1.9038445,-2.1067994,-1.6809182,-5.725134,-9.476202,3.6072884,-3.964154,1.8914094,-5.858266,-2.8313,2.0065174,-4.802698,2.7061577,-1.5542738,2.583954,-9.104435,-5.5022416,4.532348,0.6622316,-1.2129724,-2.7618544,-5.673318,-0.39971197,-4.7757835,7.277401,1.7871784,1.570805,-0.7056046,-1.9386781,2.115014,-7.2711225,1.0261186,-8.60738,0.5933028,4.570628,-7.4797573,3.2076273,0.22244722,-0.6529118,2.5770125,1.2372046,-1.8593813,-0.72934633,7.513956,1.131226,5.1378484
DLQKSDTVIESNTFCSKSNLNSTISKNFHRN,1,True,-7.8490834,5.2685366,-1.4178044,8.282081,0.5821214,2.7606156,0.29450515,-5.9361615,-8.921035,4.5275354,-2.9435651,2.0678477,-4.9496527,-0.50847244,-0.23325711,-2.6954236,5.0176773,0.6694641,0.56313837,-7.7968163,-1.3313115,3.7759702,3.464793,-3.6869974,-3.7087872,-4.8153963,0.5255008,-2.785796,6.9364376,3.3416808,0.24886987,-1.4666848,0.80578077,1.4934793,-8.556673,2.1032562,-8.235133,-1.5811238,4.7433825,-7.063947,4.37108,-0.51390755,-0.863868,0.48941866,3.9502225,-3.1889105,1.0420693,7.2094398,-0.82690674,6.9656315
DYADCHDALKAITEVTTTLQHILIRLENLQK,1,True,-4.8858337,3.5218878,-0.08964285,8.769573,-1.0148119,0.1275674,-0.51833004,-2.2178912,-7.873074,5.4220214,-2.4919086,-0.041069485,-5.4300923,-4.671565,2.136801,-4.0928173,3.8448088,0.41981485,4.768303,-5.89326,-1.8119147,4.7149844,-0.5011625,0.15337121,-2.2349386,-3.2479365,1.2597884,-4.8948474,6.199524,0.6573837,2.4056597,0.10763946,-1.7855302,-1.178052,-5.8345304,1.8974582,-8.95908,-1.0356352,2.7776325,-7.7756834,4.992981,-0.3630087,-0.7655641,0.84469664,1.5753618,-1.631731,0.9539041,7.7815647,-1.7457381,5.1505375
LSKASREATSSTSNFSSLSSKFILPNVSTPV,0,True,-7.781247,6.469529,-3.0718591,6.8227754,1.7099934,1.2161031,-3.3068943,-6.371651,-10.975672,5.0405593,-3.417401,1.5526781,-4.7350497,-0.97560173,0.8676815,-3.2881706,4.8438363,-1.846679,3.3693144,-8.918829,-2.430778,5.2184043,2.5156314,-0.7677617,-2.818683,-6.3842387,0.0050492883,-4.3413544,6.645426,3.347579,2.4131794,-0.41767567,-1.4514076,1.5966582,-8.901073,1.525694,-8.111881,-1.5812187,4.5394783,-7.2540507,3.3267994,-0.50506717,-1.3611932,2.6845982,3.0902474,-2.6358407,-1.5030271,6.5821047,1.4433554,5.4769197
YGEDEKSCEPASPTCSSREYICASDGCISAS,0,True,-5.2643824,3.2037516,-2.1099901,7.662764,0.5683502,1.8782791,-1.8625424,-3.939138,-5.829325,4.4218254,-4.813704,0.86258376,-6.2742224,-3.0571947,2.0994825,-6.348909,2.4188437,0.5107987,2.469004,-7.451847,-4.139896,1.8778541,-0.40509814,0.44414118,-1.963159,-3.4259052,-1.2068703,-4.7963977,10.127985,1.9294513,1.8079067,0.84455156,-4.631739,-1.4285384,-6.0474267,1.9740814,-8.715117,-0.7783171,5.6520143,-9.143053,3.9342709,-0.43555394,-1.1786481,0.53313166,4.7065506,-4.114198,1.0629455,8.11166,0.5306783,5.55518
TLLVPKLDVLRNSMFTAGKGVAEKASKWYSR,1,True,-6.4676423,4.3000846,-2.4122686,5.5140967,0.82585424,0.95935655,-1.5778234,-1.7115966,-9.148352,3.6739836,-2.7121341,0.7344702,-4.0134916,-4.1073084,0.7414804,-5.8363633,3.0132303,0.81556314,4.0465994,-8.18598,-2.546527,4.182813,1.4868853,-0.24651003,-1.3122176,-4.034983,0.9199413,-5.8158045,6.2788677,0.09958121,3.3590033,-0.9088089,-1.6838397,1.0008681,-5.3212037,2.1897569,-10.851355,-2.2433023,4.2563577,-5.4575825,3.7118487,1.0359768,-2.0053053,-0.1286306,0.108526535,-1.1928372,0.9453273,8.908814,-1.2034756,3.1014633
AQMRKAMAKGLRGEASSLRMLPTFVRATPDG,0,True,-5.1682296,3.6432457,-2.8288436,6.759009,0.29900652,-1.5982816,-2.3423605,-2.9010997,-8.64598,4.608376,-2.728665,-2.2345467,-2.5342717,-5.49047,1.152958,-5.8118773,1.0667405,-0.45092112,6.498225,-8.449748,-1.4814187,2.9018626,-1.7515444,-0.0801033,-0.8396523,-4.510152,-0.8853489,-6.632016,6.2941904,0.7209258,3.921327,0.25303578,-3.604293,-0.98316026,-4.8402205,2.0804992,-10.892692,-1.3467242,4.833746,-6.0784965,4.776875,0.76263106,0.7992942,2.1564162,-0.52502394,-0.078412846,1.3232613,6.4578114,-1.7597406,3.097161
RTKLNQESTAPKVLFTGVVDARGERAVLALG,1,True,-6.309686,4.8840556,-1.7887539,6.8104963,1.0574168,-1.1430519,-2.1153188,-2.1654832,-9.558937,3.213126,-2.1459677,-0.19126439,-3.7294054,-3.578234,1.4477812,-6.5271745,1.1901896,-0.4854462,5.034093,-6.1588955,-2.6084764,3.839411,-0.39601037,1.2992847,-0.625352,-5.143489,-0.42085138,-8.038403,7.7980523,0.033361934,2.3425488,-0.26266935,-3.2747989,-0.8563676,-4.9106946,1.3470688,-11.341541,-0.9200465,3.5556188,-5.1621137,4.88617,1.5433941,-1.0428069,2.2911806,0.0135701,-1.4170481,2.072664,7.3315687,-1.7218301,2.9938097
NSDEAPDMCVKFLCPSTRPHRCRNNRICLQS,0,True,-6.5656757,2.4134398,-2.0505068,8.578124,-0.3947453,1.7444093,-1.8895226,-2.6041913,-7.2039695,4.526592,-4.339497,0.622544,-4.290081,-2.5876126,2.2045624,-6.3865337,2.0442607,1.9590955,3.005636,-7.09659,-1.9443699,1.5416315,-0.42005476,-0.6149906,-1.4037247,-2.3993008,-1.6983483,-3.5170722,8.343872,-0.6522939,2.3716674,-0.110140845,-3.4348283,-3.3645256,-6.4986086,0.80928206,-10.058303,-0.75986516,5.758023,-8.295522,2.9291081,2.766388,-2.3512874,-1.1920652,5.635253,-3.797534,1.7450548,8.857452,0.36939308,4.978354
FRPEGAGGLGDMGDTTPAEPPTPEGSPILKR,0,True,-5.642673,6.2145658,-2.103637,6.743493,1.22692,-3.2131004,-5.7299967,-1.7315044,-7.7801604,3.216226,-2.0495973,0.5207486,-4.7345777,-5.6208215,1.5832802,-7.9575233,0.27356684,0.59416384,4.7182713,-7.4460316,-5.512712,4.498515,0.67923623,2.2186809,-2.507091,-6.2103677,-4.7148557,-7.313012,7.1778393,0.12877771,1.3521037,-0.12177418,-5.7598577,-1.4684012,-5.3838916,0.9218342,-11.440471,0.9684488,5.720059,-5.6608143,3.7827353,-0.35341683,-1.9201696,1.3771762,-3.1178622,-1.8880565,0.6625932,7.7850437,0.022427097,4.2277374
ETILSKPMLFFINVQTKKDTSKERTYAFLVN,1,True,-6.7573705,4.6910086,-3.0641046,6.706888,1.7897975,1.160993,0.39367858,-3.9880905,-9.59259,4.9504013,-2.5770233,-0.5098264,-3.8534212,-1.346762,0.46521005,-3.1048052,2.9608085,1.2764169,2.5682633,-7.6659393,-3.6678667,4.35828,2.8221796,-0.32479683,-3.4394267,-5.3921156,3.1284482,-4.677847,6.3573294,1.6565337,2.0175228,-1.2788966,1.1740301,2.1391764,-7.186078,0.8020834,-10.144859,-1.7116381,3.9166305,-5.3276215,3.722591,0.47659335,-1.7536594,-0.5334207,1.5399263,-3.8210351,0.9789627,8.597871,-0.95158005,4.6227403
GSPGATSEGTLTLDTSTTTFWSGTHSTASPG,0,True,-5.6409526,6.8568196,-0.8896418,6.5096817,2.5659657,-1.0842484,-5.385441,-2.5441055,-10.53313,5.225441,-3.5020092,1.0692378,-5.8109756,-2.265526,1.4404744,-4.38771,2.6235445,-2.0691626,4.6489325,-9.037867,-4.114002,4.6444135,-0.56118214,3.0590308,-0.01791533,-6.5666795,-2.6017876,-5.667545,7.544269,1.9248278,3.5318308,0.9419149,-3.5247993,-0.53844565,-8.447354,0.67077935,-9.236161,0.23146573,3.5674672,-8.448029,3.379511,2.0269065,-1.2004094,3.5796797,1.4346361,-1.5314869,-0.55322146,6.717162,-0.2211779,5.407343
TNLEPVTRSPQNLRNTLATSEATTDTHTMHP,0,True,-6.110266,4.365585,-1.7789702,8.806663,0.5076504,-0.8739541,-2.272105,-5.176791,-8.95911,3.8105583,-1.9685887,-0.080978334,-2.6684604,-4.356569,2.1654348,-5.6035066,2.8312297,-1.6607642,4.0639744,-7.278848,-1.8895134,4.6228623,-0.34138983,1.2363951,-2.4335647,-5.50411,-1.263871,-5.2995453,6.333944,0.89410585,4.325055,-0.34096906,-2.7639418,-1.5202105,-7.7901335,1.1926035,-9.386436,-0.061545536,3.706614,-6.6010995,3.8854172,1.6033465,-2.0055835,0.90422326,0.7323972,-2.7117329,0.45173222,6.7785087,-0.0778002,3.411868
LNKKSPPLVKACRRSSLPPNSPKPVRLTKSK,0,True,-6.2607927,4.441725,-3.41438,10.066994,0.27229896,-0.111413226,-1.9669163,-5.607518,-8.693298,2.3849585,-4.633248,-1.2936004,-6.2291884,-2.3416605,2.205608,-2.9748664,3.9424849,1.2444791,4.3521266,-9.9142275,-3.4061096,1.9034809,0.71095383,-0.60240006,-3.885625,-3.7795923,-1.6834047,-3.820512,6.5993676,1.8389393,1.6364356,-0.5942746,-2.771106,1.7967948,-7.3855686,2.1884193,-9.46116,0.32509223,4.557066,-6.8953924,3.6374578,-0.0071130395,-1.5372362,1.8722979,3.5986,-1.0355246,-0.17582256,8.360739,1.112757,4.6556563
QHEHVAGLLARLRKDTHRGLFIQQLRPTQNL,0,True,-6.921195,0.43770394,-1.101881,8.3826475,-0.5307511,-0.1511643,-2.6093707,-3.8031695,-9.824192,6.1707897,-1.0351405,-1.9872512,-2.3004222,-5.2691727,2.4009562,-7.349845,2.7837393,-0.47472763,6.22085,-5.593819,-1.964033,4.411194,-1.1077162,-0.615034,-1.7724415,-4.421658,-0.33813268,-6.54582,5.7223134,0.45254722,4.2995286,0.97825086,-2.609129,-1.2711205,-5.014913,2.4588814,-10.538176,1.1208189,1.4518211,-5.7015533,3.706944,2.9619417,-1.8860804,-0.4244979,0.37339228,-1.8777256,1.72079,8.312739,-0.4722283,3.443449
RAWIRVALMEKRMSEYITTALRDTRTTRRFY,1,True,-5.8015347,1.2079259,-2.6883779,7.1202292,1.6521788,-0.30095625,-0.26546568,-1.3442658,-8.630914,4.051125,-1.60219,-2.160888,-3.359122,-5.1660647,1.5595126,-5.192488,0.5966849,-0.9516045,5.48852,-8.718169,-1.3277541,4.6277347,-2.5089588,0.32466587,-2.1523993,-3.3867526,-0.73098695,-5.982331,7.2433224,0.12695765,4.111189,0.72275525,-2.2583122,-1.5167265,-6.2810106,2.31973,-10.948358,-0.26007468,2.803195,-6.809056,3.1488013,1.7260517,-1.6813029,0.3409625,0.3151101,-0.47770357,0.8128231,6.2387414,-1.8608255,3.572504
QWPQCPTIKEIRDQGSCGSCWAFGAVEAISD,1,True,-6.329918,3.1768084,-2.051385,7.868498,-0.31639332,0.9452784,-1.2251532,-2.149431,-8.288745,5.6622725,-2.7527683,1.8363336,-5.024611,-2.8941014,1.4888914,-6.678007,2.799866,0.691137,3.624926,-7.3523083,-1.6094401,3.318822,-2.0713618,-1.6307462,-0.74734014,-3.6786044,-0.0570274,-5.911059,6.957452,0.28887933,1.4174626,-1.6224692,-3.2125258,-1.9543865,-4.6004725,0.9225572,-10.326317,-0.73975646,4.9188,-6.9225287,4.9389873,1.0479171,-0.0002252534,-1.3920909,3.480153,-2.3143044,1.5508329,9.128229,-0.31136328,3.4150233
IEMKNATLAWDSSHSSIQNSPKLTPKMKKDK,0,True,-5.926671,4.8379335,-2.2624998,8.628306,0.7924653,0.89551365,0.756305,-5.249877,-9.737941,4.7561655,-3.4169765,0.093183614,-3.8321514,-2.7834003,2.444734,-2.756778,4.759706,-0.32720536,3.5141246,-8.047027,-2.796508,3.3734918,2.552984,-0.32034257,-4.117035,-5.8442936,1.7455013,-3.8777862,6.6000056,2.0575817,3.2073228,-1.662092,-0.31168073,1.72772,-7.63389,3.639185,-8.613197,-0.65048105,3.6936524,-5.739115,4.043524,-0.89020014,-1.1942754,-0.047353808,1.9571748,-2.6112077,0.35915813,6.3343406,-0.09780151,4.822868
MIRRAATECMCNLAMSKEVQDLFEAQGNDRL,0,True,-6.728414,1.3938475,-2.560505,5.855634,0.030048363,0.37123838,-0.9566462,-2.3922925,-7.7645025,5.535529,-3.1294203,-0.4374323,-4.1344533,-4.6245317,0.32529062,-6.00707,1.8624356,0.7712312,4.2270975,-6.105414,-1.2124867,3.25054,-0.80580306,-0.841342,-0.9264203,-4.5720077,0.07814911,-4.9610004,7.6119494,1.18675,3.3781734,-0.20486361,-3.562766,-1.1793181,-4.4237666,3.4593651,-11.403378,-1.0369123,3.9649246,-6.8889365,4.281153,0.56012464,-0.44523293,-0.12415951,2.4890783,-1.2322655,2.3171089,6.733527,-1.9653555,3.4924283
DNRDDPEIILNTTTYYYSVRVFAGQEPSCVW,0,True,-6.5298963,5.098513,-0.9160783,6.570276,-0.5574753,-1.3910471,-0.8043165,-1.9014201,-8.807046,4.3755302,-2.971937,2.1607766,-5.0934424,-2.8721387,-0.4427168,-4.6287546,3.3315654,2.2594647,2.0262754,-8.51385,-3.3726287,3.6405993,0.5212163,1.0422395,-1.6739045,-5.3042817,0.85359895,-5.582757,7.347979,0.3396609,3.8392365,-0.21030721,-1.0290473,-2.1194344,-7.7308397,0.26590025,-10.614815,0.6326532,4.222423,-6.205604,3.9613883,0.16197854,-1.8132977,0.76845825,2.3667111,-2.8304508,0.59359366,6.9742336,-1.2340482,4.2715287
LVFGTCSHQCINVEGSYKCVCDQNFQERNNT,0,True,-7.253496,2.4407384,0.55915403,9.294566,-1.5265485,1.9204066,-0.95486075,-3.2836733,-6.7777157,4.7927933,-4.608838,0.6914077,-6.4277244,-1.9725347,-0.38339782,-6.2219677,4.0491376,1.8193552,1.1518823,-7.569167,-1.3767722,0.11953014,0.83658594,-1.5824234,-2.2118125,-4.738712,1.7472329,-3.8593361,8.689634,1.4612566,1.5923032,-0.16323149,-2.1795895,-3.2033954,-7.081431,2.653221,-8.454086,-0.30139902,4.94793,-7.5392294,3.6822128,1.0720326,-2.54469,-1.8456037,5.478818,-3.9802918,2.4836094,8.189119,-1.3094927,5.8138247
THNITELGPYALDNDSLFVNGFTHRSSVSTT,0,True,-7.1631603,5.5914297,0.4719289,8.248873,0.59509796,-0.5981039,-1.939536,-4.8202195,-10.234267,4.475686,-1.1992357,-0.44364586,-3.3510053,-1.7368517,1.0906253,-5.129967,2.4330583,-0.8638315,1.0362186,-7.8251762,-3.1085713,5.1102853,0.7763897,-1.2088989,-2.2646213,-4.383671,0.40132323,-5.4136486,6.749009,4.12088,3.1790788,-0.5662384,-0.95317423,-2.016055,-7.3709955,1.3381364,-8.64973,-1.1993536,3.5678322,-6.2104526,4.445734,1.3528804,-3.9579551,0.9326929,1.5142092,-4.5630517,-0.9586253,7.1722,-0.46576723,5.36664
TSSRTTISGPDHSKMSPYISTETITRLSTFP,0,True,-6.0904865,7.303248,-3.1641917,7.9191847,2.6262672,0.6514933,-3.3047001,-3.470347,-9.662656,5.6077304,-1.9059075,1.5453428,-4.4450083,-2.6327243,0.5896479,-4.168483,2.8949761,-0.922006,1.540533,-9.526657,-3.5286794,3.3041503,0.14287458,-0.09663029,-3.9245408,-5.7499685,0.5739316,-4.6521974,6.0134583,3.0308886,2.552733,0.4939774,-1.2226624,-0.9350753,-7.908698,1.5444578,-9.402592,-0.6708376,3.8724487,-6.376405,2.3173077,0.4734096,-1.6651443,2.5682898,1.7230666,-1.3542218,0.60916793,6.1269674,-0.020119473,4.9880133
INSAFTPDQALKKAQTQLKLPIVPSLQRLLI,0,True,-6.3525586,2.966784,-1.8569052,7.6745534,-0.2455453,-0.6744656,-1.8902787,-4.6347985,-10.167538,5.0478125,-2.249831,0.33295584,-4.724453,-4.2401576,1.4545602,-5.0668893,3.682699,-0.9054811,5.324417,-5.942654,-0.87354004,3.6875107,0.44428796,-0.8275152,-2.8665555,-3.8770802,1.8808358,-5.2403655,6.252941,0.56947315,2.7017207,-1.4236503,-1.8449762,2.439428,-5.1431346,3.101933,-10.174523,-1.1493337,2.5800068,-6.4635115,5.4082327,0.7356639,-1.0120602,0.48746568,1.0149293,-0.9316311,0.62005734,6.4127865,-0.74428105,4.930556
RVLIRELKRLDNITQSPFLSHITSSIQGLAT,0,True,-6.802821,4.203124,-1.2068335,7.5235453,0.89303243,0.4298805,-1.3332958,-4.1879525,-9.604239,4.2349396,-2.2576137,-0.5973176,-4.0844984,-2.753189,1.675236,-3.9749832,3.1097715,-0.38190547,4.0083222,-6.776246,-1.8564914,4.770724,-0.46647772,-2.27822,-2.1107275,-5.005579,1.4369646,-5.1244135,6.1671705,2.2966177,2.9355686,-1.2849352,-0.9838882,0.23295818,-7.3604183,2.3730958,-9.3989525,0.021226078,3.254996,-7.599651,3.5261183,0.10075248,-1.848037,0.50594026,0.12731613,-2.4250405,0.36865482,6.5084963,-0.46119922,5.4309993
KFSQLVMNRATVLASSYDTAWKKHDLVRRLE,0,True,-5.7813463,1.6682571,-2.481776,6.779116,0.7150789,0.107113205,-1.7998157,-1.8097309,-10.284605,5.7802567,-2.1274076,-0.5338687,-3.54465,-3.7239938,-0.116016164,-6.478554,2.0093365,0.51701,4.055119,-6.2885942,-1.4601116,4.917789,-1.6480913,-1.0934266,-1.825569,-4.3025994,0.41578752,-5.648843,7.0017023,0.9445582,4.4536014,0.26681814,-1.8057086,-0.24648038,-5.255728,1.5363173,-10.442475,-1.828585,4.1078634,-7.1668715,2.7478878,1.0476385,-1.0860465,1.3295145,0.92699784,-0.8399867,1.6057826,7.5827675,-1.8436278,2.9073102
SYETNVLGFKGPRKMSVIIPGMTLNHKQIPY,1,True,-6.25953,5.8642154,-3.0994241,6.1848617,0.8538553,0.7469658,-0.84005,-3.7372422,-10.092854,3.0474813,-2.1982896,0.38192618,-4.0753193,-2.2254126,-0.06923491,-3.6944237,1.2390382,0.88918805,2.593535,-7.7699695,-3.27034,3.595888,0.41909218,-1.5397482,-2.0427701,-6.059307,2.5356116,-4.638388,7.337831,-0.11461711,1.3905448,-1.3639932,0.0077832937,-1.2057692,-7.0405726,1.9262745,-10.738005,-2.2771688,4.6180944,-4.611884,3.7326896,0.7152742,-1.6038107,-2.0212555,-0.8581942,-0.9223205,2.182637,7.817556,-1.0027035,3.897212
HWFSYYTTHWTSLRYSINVGQLNGPNCTRLL,0,True,-6.2078733,4.209965,-2.3266625,8.755544,0.57475954,0.8431175,-1.6545904,-2.3109918,-7.6230216,6.1555705,-1.9908482,1.4107176,-5.093863,-4.170754,-0.20052737,-5.1924586,4.174447,1.3659843,1.662684,-7.450297,-1.1362736,3.0622423,0.6186342,-1.3992883,-2.4545717,-3.1790404,1.6987566,-4.238043,6.35552,0.9117278,2.8952644,0.3516481,-1.453083,-2.2554681,-8.473427,1.2511601,-8.632387,-1.5304213,4.3603797,-7.7671103,3.385496,2.7893572,-3.236049,-0.7895513,2.5586212,-1.6222235,0.8456111,7.6913557,0.3036446,4.587847
VLDINRKSQLIISPHSTTELPVLFYPSALGR,0,True,-7.2076683,5.2442894,-0.7103324,8.854683,0.45802805,-0.21232589,-1.5187742,-3.8579838,-10.423067,3.6222212,-1.5491571,0.3705746,-4.2379303,-2.9493792,1.4960101,-5.423447,2.9849224,-0.4684609,4.184094,-7.42004,-3.0426152,3.817679,2.3590539,-0.84645283,-2.548198,-3.8557801,0.6957186,-5.905953,6.3910613,1.2272401,3.450916,-0.7741567,-1.2914667,0.11546156,-7.1965218,1.1438451,-9.962415,-1.060697,3.1707847,-6.0466933,3.8244603,1.120126,-2.1489956,0.85733646,2.10353,-2.0172386,0.46678296,7.1997066,0.9292071,3.2722898
VASSATETSTVITHVSSGDATTHVTKTQATF,0,True,-6.38278,6.755347,-1.0277698,6.757171,1.8530194,-0.6232477,-4.206314,-3.9655333,-8.7112055,5.7053275,-2.9931536,-0.055266723,-5.2118907,-3.1003358,0.86713284,-4.588666,3.6881855,-2.5859513,2.325403,-9.100197,-3.9106896,5.3159847,0.10765833,0.90729386,-1.8656853,-6.562113,-2.2317502,-6.859534,7.35453,0.6912632,1.4664495,0.788799,-2.6151836,-1.5731668,-6.1440344,1.1492782,-8.918607,-0.09940012,4.1572943,-7.950161,4.3437424,-0.013674557,-1.2498438,3.4969702,0.7352635,-1.3240144,-0.72534525,5.9512815,-0.5765118,4.7683315
RGGNICRADEFLCNNSLCKLHFWVCDGEDDC,0,True,-6.2542963,3.1900332,-0.88643765,6.0103135,0.9286974,2.501362,0.40448892,-3.0685189,-6.0298758,5.5026016,-4.1326547,1.5898457,-5.7008715,-1.4139653,-0.15741348,-6.1959276,2.3796608,1.8692462,0.7815143,-6.118627,-2.4433525,2.7668881,1.0026635,-2.6507027,-1.0078068,-2.6117733,0.5337641,-4.2411957,10.404087,2.4451797,3.4209156,0.76447654,-3.1694856,-3.5293007,-7.1434712,1.8480679,-9.025742,-0.94702655,5.014518,-7.8364096,5.802338,2.5468898,-2.230488,-0.47914225,4.131003,-3.498386,0.8367053,7.667433,-0.68175024,5.449662
PLGISLPVFRTIALSSEVVTLEKEHCYAMQG,1,True,-6.082375,4.089794,-0.85741144,6.9767694,0.0825105,0.11196035,-0.37175792,-1.6172223,-9.342685,5.031171,-2.2237823,0.50177294,-4.430194,-3.3689284,2.8588355,-4.337682,2.4157357,-0.26874542,4.416472,-6.670613,-1.3748815,4.895669,-0.6186977,-0.79606855,-1.3610786,-5.049204,0.70249844,-5.5043597,6.83966,0.35835496,3.2397566,-0.38123995,-2.365709,0.23845842,-5.3563914,0.71972567,-10.10742,-1.8485415,4.5145936,-6.712471,4.9872937,0.35241035,-2.5724537,-0.58258015,0.79870653,-1.7135873,0.71077555,7.714489,0.6388345,4.0226865
NPHRASKLTDHNPKTYWESNGSTGSHYITLH,0,True,-6.5519753,4.64142,-0.66265774,8.961785,0.7440713,-2.4306378,-0.51070017,-3.5607045,-8.611216,5.0655456,-2.2177403,0.9036802,-3.8515894,-1.5650011,0.0035832673,-4.0151567,3.046486,0.30868882,1.3067946,-6.93461,-2.1900156,3.5808766,0.3888061,-0.6922455,-4.3236213,-4.457395,0.067422666,-4.4086843,8.052914,1.8303771,3.004523,0.6807319,-1.9561921,-0.5834748,-8.844221,-0.11043075,-9.214996,-0.70122004,4.4561124,-5.6765585,3.1872869,1.9342009,-2.7171779,-0.6623557,-0.11892903,-2.5068107,0.1937247,7.9981,-1.5233921,5.2477283
CTSTKEATTSKHIPQTDTEGDPLMNMLMKLQ,0,True,-6.2402334,5.994836,-2.166653,6.7900324,0.79402363,-1.8509562,-1.7258309,-4.302659,-9.096732,4.755762,-3.1664953,0.26948053,-4.5357547,-3.5036526,1.0659004,-4.07568,3.985652,-1.2723801,3.298153,-7.8775997,-2.7233367,5.356249,1.2684152,-0.29514503,-4.5011444,-5.6487107,0.4232884,-4.1856203,6.7685523,1.0238907,2.4640985,-0.86644125,-2.3388736,1.4245856,-5.5256777,2.007969,-8.248785,0.45888937,3.5025868,-7.1760154,4.974032,-0.7552116,-0.68475074,0.264163,2.0443516,-3.1977227,0.44126284,6.900255,-1.0881402,5.1115503
ETSIPVNSAGPPGLSTVASDVIDTPSDGAES,0,True,-5.1543922,5.854023,-2.1739888,7.3451734,2.8257742,-2.5685148,-4.5632954,-2.7426064,-8.686046,3.6528141,-1.9297793,0.7289231,-6.1621957,-4.451548,1.6894993,-6.933954,1.1822371,-1.6331412,3.1035144,-7.9204497,-4.414569,5.975801,0.73326117,-0.74861014,-0.79174435,-6.1938353,-2.6574905,-6.424009,6.5830774,1.4847773,2.586025,1.1284,-3.778913,-0.21926181,-5.817912,1.0603919,-10.083662,0.09722008,4.0916405,-7.2869744,4.903581,1.0146796,-1.483974,1.8828108,-1.0271333,-1.0003664,0.10992468,7.288944,-0.31299314,4.2838893
KNSNKYVQQEKQNTASLSKVNASRILTNDLE,1,True,-7.601908,5.5294485,-0.88434243,6.8239813,-0.08520512,-0.42747822,0.10436078,-5.614745,-10.960006,5.1589336,-3.4138362,0.09787681,-5.4876103,-2.3892229,0.14966711,-2.8636906,4.083952,0.81297755,3.631826,-6.5652914,-1.698217,4.0629916,1.8981243,-2.4727361,-3.6158466,-4.4010262,2.4603007,-3.7923286,5.026046,3.016323,1.9754449,-3.065445,-0.49400932,1.0375876,-6.112807,3.0003996,-7.9895086,-0.0063753873,2.1599605,-6.7973766,5.1386003,-0.7777471,-1.4010419,1.60075,3.2320871,-2.4619305,-0.38682133,7.4997087,-1.787278,6.924698
GSRYGVMDTTTAQGRSPVEVAQDVLAAVGKK,0,True,-5.5078506,3.3683739,-2.7870507,6.292099,1.5095149,-2.384441,-3.407653,-2.4502954,-9.742944,4.397856,-3.4796658,-0.8424459,-3.3513038,-5.3650713,1.015312,-6.1949573,-0.029377524,-2.6058807,3.8519475,-8.31317,-4.073713,3.5977402,-1.647085,0.83969045,0.101692006,-6.5189767,-0.9450777,-6.2847037,7.2910023,1.1701584,4.10894,1.4162861,-3.4974573,-2.293361,-5.2326527,1.9565891,-11.651744,-0.3422178,5.1911864,-6.7008886,3.0631883,2.3311815,-0.7481006,2.4948206,-1.6133299,-0.59307504,0.65533113,6.310239,-1.2833685,2.3860097
IPTLGKDGALVQPKMSASFVPDHKASMVLFL,1,True,-7.5765133,5.7745686,-2.2506857,5.8280354,0.37079847,0.015939131,-2.5144513,-2.980169,-10.574391,3.893468,-3.2428799,0.85616255,-3.1763854,-3.3347175,-0.16226856,-6.416988,2.20117,0.28181118,2.9993992,-7.131921,-4.0160837,5.476248,0.011952162,-0.08361535,-0.79505503,-6.178933,1.3572717,-5.994384,5.477479,-0.3015573,4.6416683,0.048305098,-2.9577239,-0.41489568,-5.957485,0.36083522,-10.663571,-1.163126,2.12076,-4.3305435,3.6804192,0.5320734,-3.1130576,-0.07743882,0.04371502,-0.9018409,1.5608793,8.2772875,-0.8966532,3.6168668
GEYKSWQDNIQTVLFTLVQAMGQVRSQEHVE,0,True,-6.3062925,2.5293071,-1.0841211,8.328584,0.8220542,-0.3143179,-1.1327574,-2.99543,-9.310969,4.563963,-2.419028,0.3288275,-3.1100368,-4.5878143,0.19638902,-6.0258236,3.544699,-0.19714427,4.266619,-5.4001646,-2.771849,3.4135325,-2.1109576,-0.040203363,-4.0863996,-3.9016862,2.0706003,-5.0745807,6.1564794,1.4962996,4.103333,-1.4734713,-2.30232,-1.5609127,-5.556918,1.0635817,-9.670149,0.13477036,2.7452567,-4.9326987,4.773157,0.8024931,-1.8581553,-0.21464552,-0.0041541383,-0.21196748,2.2794273,7.5980597,-0.94093466,5.039347
SQQRERERARRRRRSYSPMRKRRRDSPSHLE,1,True,-5.446611,-2.1333015,-4.6108675,9.697285,1.5325724,-0.07778704,0.87451196,-6.6494617,-9.890957,3.760249,-3.958096,-5.7661667,-2.7440972,-6.603572,2.3942144,-4.4474607,0.2681669,-0.5521036,11.142824,-7.41887,-1.7227273,0.45490474,-2.7741845,0.86863846,-2.774708,-2.5909953,-2.7794724,-6.5231094,6.64793,3.388407,4.4309,0.5545171,-3.9244444,-0.53166,-5.8555746,5.6639442,-11.133156,2.2087154,5.7149987,-6.354929,-0.66999763,4.0961165,-2.52171,2.992945,2.2148118,0.49047175,1.5327227,5.7577553,0.1873421,3.7342155
CSLNKPPFLMLLKGSTRFNKTKTFRINQLLQ,1,True,-6.347119,4.7553396,-1.2663441,8.219157,-0.2159432,-0.2129246,0.55630183,-4.7879157,-9.925906,3.8700664,-2.4935713,-0.53803635,-4.10983,-1.9978131,0.8034913,-3.2005737,4.0219135,1.2849126,2.9713254,-8.079705,-3.1505175,3.6106045,0.93235075,-1.748959,-2.8197215,-3.6812422,1.9587462,-3.0055044,5.679916,2.0434425,3.1866846,-1.8030642,0.20401028,1.5103252,-8.16016,2.130906,-9.78762,-0.9227792,2.1398687,-6.188507,3.3299193,0.27418622,-2.096951,0.072160475,2.613581,-2.8722925,1.2459257,7.3905516,-1.8439739,5.842626
LSQTSSPAEVSILDVTTAPTPGISTTITTMG,0,True,-5.5357914,7.4152865,-1.6858723,7.3739734,0.3244952,-2.5689218,-5.2517495,-4.1174564,-9.9450445,4.5118594,-2.9619915,1.9560609,-6.4476957,-3.1860197,2.5012908,-4.4863305,3.910948,-3.5680468,3.1983953,-9.077276,-3.3202965,6.403887,-1.0306785,1.0180575,-1.9026835,-6.6178327,-2.1952586,-5.571816,5.586516,0.8085058,2.3471055,-0.1846593,-1.8169744,1.3793843,-7.9203978,1.241863,-9.417335,0.0022509694,4.417896,-7.88282,4.8394923,-0.82528895,-1.7596912,3.4663885,0.033692516,-0.6505301,-0.016173482,6.331766,1.0714794,4.792895
KPKDPLKISLQDLINSNQGDTVTTILIDLNG,0,True,-5.546139,4.827987,-1.2378225,7.997789,1.949563,-0.54742557,-1.2261155,-3.913069,-9.199154,4.3267627,-3.6055734,1.6442949,-7.1865606,-1.3635018,0.19586782,-2.2972538,4.4041686,0.5806287,1.9433907,-7.435747,-3.4502017,4.610684,1.937352,-2.2330315,-3.0746448,-4.92033,1.9166114,-3.147078,6.228507,1.8933034,2.271018,-3.3936665,1.7964442,0.6589811,-6.84746,1.0158507,-9.297593,-1.8356782,2.918523,-7.3386784,5.1559515,0.5427975,-1.8183436,1.5089096,1.3294978,-2.982787,1.1394758,7.257454,-0.88629687,5.7550936
AIGPLLTKVEGLVVHTNTGKAPKLASYYKYW,0,True,-4.9147243,5.8237925,-0.8554089,7.4340405,0.9720756,-0.79218954,-1.5163518,-1.5835035,-8.189634,4.2329764,-2.376843,0.7774576,-4.7020407,-3.9426057,2.0542934,-6.123351,3.6146894,1.3249907,2.6930919,-8.375207,-3.2255642,3.594325,0.6936611,0.32727784,-0.9591011,-4.825574,0.971083,-5.279084,6.0133195,0.50722164,2.8458493,-1.1011933,-1.4506092,0.1021125,-6.9821615,1.3526796,-11.283337,-1.3279101,3.6766002,-6.4263835,4.0187826,1.0301352,-1.4677305,-0.12252934,0.5959776,-2.6212246,0.7871498,8.270899,-1.9568255,3.4571536
ITFSIFPDIPECSGKTSCIIQSILDSRCSVA,0,True,-5.972085,4.633236,-0.93205124,9.10633,0.8247234,1.9539927,-1.6682218,-2.378405,-8.366827,5.333317,-2.8614435,1.4940062,-4.8124814,-0.35553908,2.3421853,-6.632212,2.5724962,0.26767433,1.9792877,-6.7228823,-3.3069048,3.2188816,1.0566304,-1.8143895,-2.0439196,-3.275853,1.5783079,-3.4989252,7.9855475,1.8697302,1.8220938,-1.0030907,-0.61497426,-0.58009344,-6.98526,-0.23304944,-8.7948475,-2.031344,6.2914724,-6.324555,4.264401,1.9150143,-1.1793336,-0.95756334,4.4995675,-2.7658806,0.67824316,8.654533,-0.33173087,6.9299965
ILEAFGNAKTVKNDNSSRFGKFIRINFDVNG,0,True,-6.3549967,6.1452527,-2.6586053,7.359688,1.8932974,-1.4475296,0.5487765,-4.505792,-7.9093847,5.5508127,-2.1911085,1.7724158,-5.275998,-3.4438696,-1.1670625,-3.1189785,2.8805854,1.559706,1.6594373,-6.8914676,-3.6931038,3.986189,1.6158361,-2.055194,-4.035693,-4.4857283,1.9636859,-3.4480042,5.544432,2.4264839,1.6958023,-1.1769035,0.6149333,-0.64293,-6.1015444,1.4332533,-10.271258,-2.7035663,3.7943022,-6.264549,5.1620274,0.1782358,-1.6143885,2.320496,0.57636243,-2.9349427,1.3235891,6.6488657,-1.9095722,4.626795
GITIQGVTESPLHPSSTSPSKIVAPRNTTYE,0,True,-7.634097,7.0033927,-1.3982068,8.348303,1.0210054,-0.9262377,-3.4205937,-4.9895616,-9.123404,3.5087445,-3.4263504,0.8825457,-5.7976766,-2.7693307,2.5004485,-4.0458007,3.0823479,-1.9397093,3.055373,-7.9044924,-3.846879,4.1013618,0.006458916,1.2918118,-2.9577472,-5.782101,-1.4775537,-4.5228496,6.094888,1.169863,2.0715897,0.206153,-2.3026056,-0.35012054,-9.747205,1.1748561,-9.740817,0.6241138,4.0116434,-7.0380197,3.7449176,0.11512002,-2.131897,2.777633,1.5828937,-1.1583412,-1.2931174,7.367864,-0.44814503,4.179775
EEDLSEYKFAKFAATYFQGTTTHSYTRRPLK,0,True,-5.3498626,4.475329,-2.5886126,6.9391155,0.91313195,-0.5637676,-1.0452737,-3.3766482,-8.822542,4.522703,-1.9152626,1.558511,-4.7523155,-5.027375,1.7137656,-4.128383,2.9509344,1.7130591,3.0923193,-7.921127,-2.9976296,2.8746848,0.3318348,-0.42660698,-3.0560532,-3.0052757,-0.2307229,-4.9722943,7.07082,1.0241674,4.90973,0.06238295,-1.4883541,-1.5142674,-6.5523434,1.7745245,-9.443309,0.13759416,4.741604,-7.854878,2.6217072,1.0920669,-2.4978054,1.9001836,1.4176524,-1.8119982,-0.5408988,7.6883736,-2.3510923,4.4041486
RLASDSDAESDSRASSPNSTVSNTSTEGFGG,0,True,-6.098982,4.997361,-2.3787694,4.9821467,3.3287988,-0.85418034,-2.9786842,-6.1774526,-9.940574,5.2438364,-4.3728356,0.51620555,-5.0563,-1.9388566,0.99390906,-4.8875895,2.8027146,-1.5449225,3.128046,-8.347527,-3.6348257,5.174872,1.108848,-0.042920887,-1.5846595,-6.5306096,-1.5410739,-6.835703,7.4083853,3.5544841,2.147061,1.9212365,-4.5658817,-0.75425684,-6.171039,1.4943113,-8.852096,-0.48425198,5.2721276,-8.366539,3.2099192,-0.9531379,-1.0714111,4.273809,2.4462874,-3.0471735,-1.3175071,5.9414554,0.38141626,6.4143677
LQEPSGTNKDESLPCTITDVWISEEKETKET,0,True,-5.3728094,6.7011876,-2.2646377,6.8133006,1.2320634,1.664066,0.1917906,-4.445549,-8.395975,3.4463744,-4.8391466,1.3051817,-6.277864,-2.2433765,1.9497681,-3.7997637,2.8333642,1.9577247,3.4466774,-6.9771676,-3.1968076,1.7700154,1.3189137,0.37568364,-4.680281,-5.021368,1.4761046,-5.2005,6.7406664,0.6895008,1.9751958,-2.10033,-0.89026463,1.2050563,-5.8473887,2.1747427,-9.455907,1.545383,4.579474,-6.9222403,4.497563,-0.84511787,-1.9749221,0.9888904,2.6223805,-3.445807,0.4407957,7.308784,-1.8965089,6.0793424
NYSDKSDIENADESSSSILKPLISPAAERIR,0,True,-7.129036,5.7429857,-2.8678367,6.717406,2.4909444,0.008699672,-0.7353932,-5.4610987,-9.271126,4.686783,-3.3354433,0.8797914,-5.3776703,-2.5112514,2.2183938,-3.1339588,3.0148165,-0.22840412,4.1176043,-6.442539,-3.5181642,4.800784,1.4494747,-0.5754986,-3.1362855,-4.5243263,0.5860112,-5.951199,7.528328,3.2777002,2.7686436,-2.009134,-1.4957818,0.38810313,-6.181653,2.3363008,-8.935743,-0.49309576,4.504934,-7.095529,3.5269623,-0.7772968,-1.0394206,1.3035731,3.545396,-2.3978796,-1.2927964,6.6863275,-0.725892,5.3268423
KFAARKKWKQSVRLISLCQRLSRSFLSRSNM,1,True,-7.2247705,0.19792856,-3.191622,7.843364,0.039111704,0.81708705,-0.40433818,-4.5043592,-9.76342,5.1118417,-2.6004324,-0.018344283,-3.5647502,-1.8624436,1.1029496,-4.7271833,1.6681428,0.7801593,6.7778378,-7.642866,-1.8465954,2.5322657,-1.0297964,-1.3086698,-1.3975917,-3.2561922,1.5759044,-5.449824,6.7882214,2.2294724,4.8847475,-0.37925676,-1.8069772,1.1480613,-6.8067575,3.0589702,-10.56441,-0.6033235,5.127524,-5.6903787,1.7719885,2.767607,-1.4045961,1.4710552,3.17039,-1.518942,1.1469204,6.4088006,-0.66055024,5.66377
LKHHCNKVLLRVRMLYYLRQEVIGDQADKIL,0,True,-4.5144267,3.035246,-0.9622429,8.285616,-1.1145428,1.2846993,1.4358213,-2.6592596,-8.12679,3.2353733,-2.2571583,-0.6632829,-2.9721625,-4.376958,0.6371558,-5.3955154,3.454708,-0.28233492,5.4226227,-6.034401,-2.8325074,1.9436786,-0.43577677,-0.53301406,-1.6686629,-3.129212,1.9671482,-4.518019,7.1145816,0.6143248,2.1537635,-0.53466725,-1.2296811,-1.3642168,-6.1209435,2.8899755,-9.991639,-1.4453228,5.262286,-7.0991106,3.650135,0.9377835,-1.9103215,-1.6816764,1.9386088,-1.9776253,3.5843947,8.835933,-1.2452209,3.9197268
HPFLCAADFRKIASLYGSDKFDLPYGMRTSA,1,True,-6.436965,3.991248,-3.0210187,7.6988883,0.9563773,-0.1479672,-2.1802435,-2.7832649,-10.158797,5.198751,-3.463059,-1.0503296,-3.1323118,-3.0530303,0.8668457,-6.9550066,0.94248277,0.15011919,1.7269131,-7.3230896,-2.4425704,4.0833635,-0.34294826,-1.1916155,-1.6689862,-4.0089617,0.32355535,-5.4023376,6.5816374,1.1829972,4.0287237,-0.28667718,-3.9401293,-0.84732836,-5.2106633,2.0582635,-9.164613,-2.5412018,3.8118548,-6.680948,4.9669046,2.702428,-1.5639592,-0.38823885,0.18082874,-2.482379,0.7173101,6.620365,-0.8451494,2.9985359
GKYHHGLSALKPIRTTSKHQHPVDNAGLFSC,1,True,-6.477587,3.730477,-1.3527147,9.254407,-0.96823335,-0.49024844,-1.5542715,-4.83109,-9.548267,5.524382,-1.4300743,0.11758213,-3.8417625,-4.090375,0.4157115,-5.191162,2.6676266,-0.73260945,3.3454075,-5.666881,-3.5397513,5.1971207,0.6054529,0.82096416,-1.9886817,-4.4472036,-0.4393211,-5.3185577,5.4602914,1.440945,1.8041382,-0.42449722,-2.1400397,-1.9563476,-6.4129996,1.1470914,-9.388671,-0.2192158,4.4111547,-6.5860324,4.146117,3.2984912,-2.7005422,-1.3967398,0.73156166,-2.444885,1.3670344,7.7963405,-0.57509065,3.9080312
LSSKLMEFNLGTDKQTFLSKLIKSIFISYLE,1,True,-7.144193,5.113274,-1.852303,7.602587,0.17933777,1.7371771,1.1125065,-3.906906,-9.739372,4.3306994,-2.7337914,1.9393052,-4.2585993,-1.26946,0.0021152198,-2.7778015,4.338488,2.27951,2.0855627,-7.3038015,-1.8372474,4.1876698,3.2430656,-2.2618468,-2.9128494,-4.4438124,3.1418157,-4.1899514,6.070603,1.7625604,2.4825282,-1.8953089,1.8178688,2.3747191,-8.601491,3.5984998,-8.360236,-2.7469559,3.3797894,-6.6170397,4.3150177,1.3171408,-1.2037281,-0.91518563,2.16087,-3.2902005,1.2069503,6.7788944,-0.56140035,5.8929396
GNKGLRLKESGAINTSLFVLGKVVDALNQGL,1,True,-7.3431683,4.742457,-1.4131267,6.520915,1.2137147,-0.10916078,-1.2360024,-2.9378498,-9.117275,4.2676945,-2.8410895,0.22668812,-3.9824703,-3.3067908,0.85375535,-4.990985,2.3466313,0.9234906,3.2030787,-6.5207763,-4.3032207,5.5359893,0.5222826,-1.0152763,-1.7658632,-5.863206,1.6471382,-5.6048675,6.272912,1.7106743,1.5225995,-1.425039,-1.8253285,-0.1099181,-5.030366,1.9524156,-10.412242,-1.3949295,2.9690568,-5.8829665,4.0594983,0.7166077,-0.7817773,1.2523496,-0.07345754,-2.6732132,1.984133,7.3827696,-2.6489086,2.9767687
PVRVYKYPFELIMAAYERRFPTCPLIPMFVG,1,True,-6.871983,3.650798,-2.3771296,8.232121,0.79674226,0.22266848,-1.7035958,-1.1619081,-7.3722324,4.553389,-1.8413974,-0.44731414,-3.2262921,-5.0226846,2.9013402,-6.047747,2.5386708,1.8606505,3.9969528,-7.3942747,-1.7911142,2.6950123,-0.8602102,-0.0639046,-2.0083184,-2.601207,0.9557104,-5.280021,8.133359,-0.5523419,3.555484,0.48112482,-0.19015828,-2.1531355,-7.24295,1.1107112,-9.512264,-1.8117136,4.886328,-6.595353,4.7759576,1.4139587,-1.7821602,0.6030936,0.62315834,-1.3327695,1.5271949,7.712007,-1.0705016,2.9607618
KSWYGLLHPEDLAHASAQHYRLLAESGDIQA,0,True,-6.0937185,1.6688176,-1.8469728,8.046834,-0.54756546,-1.8544009,-1.6310037,-3.045732,-8.287171,5.5982795,-0.718096,-0.8414717,-3.0800247,-5.302735,1.8639796,-7.479303,1.2735076,0.53269565,5.5122023,-5.5749245,-0.78067106,5.5137877,-1.6788243,1.7050444,-1.2201189,-5.0207567,-0.1683709,-6.1920156,5.9956093,0.20986031,3.785757,-0.6131451,-4.603335,-2.3001916,-5.114977,0.81043255,-11.102175,0.0306056,4.3151803,-6.372495,3.3441253,1.4596603,-2.5828254,0.030112457,-0.8347769,-2.145998,1.1990582,6.7508492,-0.94431704,2.4925742
DVVREIYKDANTQVHTLRKMVKEKEEAIQRQ,1,True,-5.385155,3.8561604,-2.9334471,6.989071,-0.22174883,0.8521284,1.7666223,-2.662032,-7.6517467,2.7600892,-3.0361195,-1.0582252,-5.6457934,-5.28778,0.649101,-3.7333596,1.6746994,-0.37944135,4.569335,-6.8120985,-1.71186,3.032121,-1.0896978,-0.8269255,-4.2561297,-3.0791366,1.3527187,-6.409389,6.961545,-1.4130377,3.6576324,-1.6891168,-1.7439576,0.9827337,-4.8037295,2.9310582,-9.608862,-0.5926779,3.9460063,-5.6716185,4.3106537,-0.85915047,-0.043334335,0.65288234,1.8245037,-2.6159935,1.4370078,6.896112,-1.5060935,5.266296
SIDRALNVALGNPSSTAQHVFKVSLVSGMPF,1,True,-7.257972,5.792182,-2.32378,7.76896,1.2007973,-1.4366863,-3.3656073,-2.7285483,-9.185623,4.3746653,-0.6839212,0.75773734,-3.9893494,-3.4029396,1.8820813,-6.59263,2.7427216,-0.3153289,2.8942611,-7.540057,-2.875864,5.193257,-0.9548218,-0.7793714,-1.1321605,-6.321365,0.077624545,-5.2882996,5.759752,0.89056885,2.8618703,0.624788,-3.0446281,-0.29254535,-4.9521623,0.89647126,-10.113479,-1.4963187,3.3325431,-6.4330177,5.254636,1.5108254,-1.4307067,1.914263,-0.9540931,-2.4332716,0.027536735,7.2858186,0.2949157,3.8563788
DTFEVLVDQTVVNKGSLLEDVVPPIKPPKEI,1,True,-5.0637927,4.887549,-3.7104492,8.686406,0.38746464,-0.7168567,-0.41740435,-4.1171565,-7.3217435,2.2082922,-2.38233,0.33137482,-5.4275966,-3.9913363,1.9444455,-3.985689,2.4777668,1.793115,2.439009,-7.9836693,-3.8229406,5.008626,1.1403096,-0.31523886,-3.4225512,-2.985326,0.24076748,-3.6904614,7.3358545,0.42042193,2.2867143,0.41606763,-0.4966248,0.48744583,-5.6834316,0.5078814,-10.569658,-0.07294643,3.623009,-7.118217,4.7640014,-0.7880081,-1.3682721,0.39831483,1.4133267,-2.0822122,0.75440586,8.204589,-0.050400697,3.5103002
RQNKELKVKLQEMEGTVKSKYKASITALEAK,1,True,-5.234441,4.40287,-1.7933348,5.9550467,0.28941253,0.5027064,1.9018257,-3.2059486,-8.411716,3.499507,-3.6820202,-0.51857257,-5.6000724,-4.7583275,1.8894285,-2.1550996,3.0966015,0.10625536,4.736336,-6.865853,-1.9727832,3.0329301,1.2877777,-0.6756303,-3.5450583,-4.4773827,2.398367,-3.1071937,7.4500318,0.23612426,2.4478984,-2.0894861,-0.26950952,1.8390899,-4.369698,4.2101665,-10.243445,-0.31177408,4.8312726,-6.5840087,3.619543,-2.13521,1.3231564,1.152414,1.7347696,-3.5561323,1.2048349,8.201988,-1.8675385,4.1830416
KGKAPLKGSSLQRSPSDAGKSSGDEGKKPPS,0,True,-5.157331,4.85524,-3.2134366,8.0395355,2.0149176,-0.005760342,-1.6414053,-5.856809,-9.68299,2.901718,-6.8843617,-0.2542199,-4.718771,-3.8588767,1.2334044,-4.4789424,2.501881,-0.7521743,5.5378585,-9.205994,-5.639734,2.2780497,1.0997504,0.034876183,-1.8379494,-4.918984,-1.7315367,-4.432195,8.530894,2.9254448,2.094753,-1.4803612,-3.4482365,1.5539818,-6.30576,1.3083311,-9.083692,1.2193846,5.199993,-5.8339357,2.6526427,1.2545705,-1.6660316,1.8806036,0.6047629,-2.9950552,-0.10670697,8.231092,-0.91740596,5.2464995
EQIILLLEGESFHPVTFVLNANLLVNVKFIF,0,True,-6.6919236,5.1323,-0.46340227,7.802182,2.4133995,1.4414045,-0.73636913,-1.7959361,-9.827252,3.2652743,-3.17597,1.2736952,-3.8614862,-2.1732535,0.894585,-5.8935046,4.3833547,1.4749757,2.549103,-6.2404556,-4.0852284,5.856716,0.0736645,-0.332125,-2.8509169,-4.366991,2.9423404,-4.879688,6.520084,-0.12148489,2.982266,-0.909059,0.60593104,1.3204938,-6.8048496,0.56614023,-9.614357,-2.1961706,4.050215,-5.9292016,4.8947225,0.6374993,-1.7888995,0.91472363,0.37522006,-1.7600589,0.40426427,7.3864655,-0.4520395,4.766595
GLLSFYNARTKQVLHTFKTRFTQPLLPAFTV,1,True,-6.9765286,3.4305506,-2.9872155,7.948165,-0.03125219,-0.9011863,-1.5846016,-2.9353771,-10.362634,4.2160263,-1.2729347,0.268868,-3.572829,-4.196367,2.7449625,-6.1282578,3.9701755,0.24986956,3.3420234,-7.5221086,-2.4415805,3.246243,-0.7386636,-0.9175169,-1.6094297,-3.6571875,-0.1679633,-4.2811995,6.0544033,1.341891,4.6252904,0.37100995,-1.3226897,-1.4149319,-7.409516,1.0261383,-9.571275,-1.0251918,4.213425,-5.8406105,4.4289656,1.8421876,-2.6314127,1.3726977,0.025469724,-1.2772064,1.388713,6.7076073,-1.0806483,4.0172486
GGHAIRILGWGVENGTPYWLVANSWNTDWGD,0,True,-6.810821,3.6777458,0.0226883,5.594695,0.7901917,-1.89357,-0.79890734,-1.7703881,-9.983305,4.1186886,-2.3365698,1.5687604,-3.7349954,-5.696012,0.95828867,-5.7751055,0.7036574,0.589871,1.663425,-7.6756535,-2.8674958,3.3264098,-1.6244767,-2.2400594,-1.7725344,-4.389883,-0.12935275,-6.026926,6.363625,0.2992928,3.2824762,1.1251974,0.05605963,-2.9614856,-6.3583403,1.7494464,-12.354714,-2.5556872,2.8582501,-5.117893,4.6840878,2.402821,-3.0867174,-0.3813127,-0.48902118,-1.9493139,0.80830145,7.913236,-1.9234458,3.2056072
LLGKKLGIPRGVQRDTMWRIFTGSLLVEEKS,0,True,-6.640604,3.7753918,-2.6383374,8.397161,1.6676288,-0.6810454,-0.63916594,-0.99278057,-8.04847,3.4025228,-1.9730846,0.52888346,-3.5998452,-4.020781,1.7321397,-5.944493,1.1904067,1.1448226,3.8550296,-6.8157983,-3.415094,3.9634757,0.21094047,-1.8985276,-0.7126092,-5.8880477,1.7853346,-5.8912354,6.9901695,1.0131872,3.5083911,-1.1611025,-2.6543794,-0.18245885,-5.301887,1.9826267,-10.05555,-1.3321666,5.0651307,-5.7325363,2.5996678,1.364089,-2.4071798,-1.2091806,-0.14397366,-1.9526098,1.6075207,7.2983594,-1.817475,3.7433171
WKDGKIVYSYFIGLFSSILREQANLKHDGPK,0,True,-7.33488,5.6766324,-2.8508642,8.096993,0.7990495,0.8618066,0.09105093,-2.1566696,-9.43053,3.8641117,-2.0053682,2.3727238,-2.7456949,-2.106314,-0.2593438,-4.984587,1.5145305,1.3817575,2.5963001,-6.412265,-3.2646832,4.5625014,2.7679117,-1.2527307,-2.8429544,-5.4518766,1.4236404,-5.3222246,6.3725414,1.6452389,2.9688354,-0.60716444,0.39109045,0.8225892,-5.802347,1.9255611,-9.775842,-1.7302482,5.1567945,-4.845425,4.2523675,1.5445546,-2.7922509,-0.58711004,1.2604489,-2.7927198,0.5961098,7.6951666,-1.5086287,4.2832775
NQSTTLPGPGRNMPNSQMVNIRDMSDNVLYQ,0,True,-6.004139,5.777933,-1.0759616,8.295624,0.82077324,-1.8154433,-4.2039948,-5.984571,-9.930179,2.648558,-2.401552,-1.7560942,-5.4817653,-2.3927708,0.81329507,-4.003724,3.0404468,-0.4465599,2.3817987,-9.348789,-4.010651,4.8766284,-0.62610316,-1.647206,-2.8429852,-5.2168145,0.16765386,-4.352137,4.7398033,1.042258,3.0929623,-0.6688864,-0.9436337,-2.520795,-7.177766,0.9263785,-9.524804,-0.7142716,3.4801998,-6.067763,4.588326,0.6636234,-0.96990883,0.15900095,-0.0152876675,-1.7233994,1.4163835,7.34499,-1.2655231,4.5092564
EMLGNEQQQEDLEKDSKLCPIEPDKSELENS,0,True,-5.5002,3.5426354,-1.5511198,8.537506,-1.0006094,0.6864531,2.3365915,-7.172156,-8.575179,4.5566974,-4.3679495,0.90354866,-5.149178,-4.743484,1.2845552,-2.3606346,3.6923018,1.1674914,4.415821,-4.5228124,-1.0964366,2.1426222,2.251497,-0.8971018,-4.995723,-3.6251924,0.9826503,-5.3865967,6.985049,1.4509215,2.390285,-3.2246015,-2.7731369,0.6563208,-4.742747,3.5747738,-8.687939,1.4705931,2.8374786,-5.901161,5.2524686,-0.41325533,-1.1911479,-1.0872155,3.3272038,-2.5487883,-0.17866784,8.121593,-1.7142184,6.4128385
SDDSDLRVARLQSKEYPVISKSIMRQRLISP,1,True,-5.8316817,1.9620283,-3.0693076,6.952269,2.2750018,0.018635485,0.8997499,-2.9443247,-8.840051,4.0797057,-1.5912921,-0.25146574,-5.085622,-3.5983112,1.2931491,-3.9449623,2.563319,1.8515242,4.958234,-7.015852,-2.9156013,3.199135,0.5625693,-1.3304049,-3.799755,-3.893085,1.0596864,-6.543134,6.814517,1.5666208,2.9531732,-0.024708025,-1.9984204,-0.4546187,-5.6263275,2.8457856,-9.65372,0.26014856,4.2978325,-6.39505,3.1394718,0.48765278,-1.6509233,1.8663318,0.8726829,-1.3128632,0.9254645,6.723243,-0.4436953,5.6780972
MKVSEKIVYVYMKRKYEAMTKLGFKAILPSF,1,True,-5.26202,6.336935,-3.95762,6.7430496,1.3116744,1.4728773,1.4945441,-1.3201807,-8.244522,4.4218655,-1.6995908,0.15561238,-3.276324,-3.0400991,2.2186637,-4.713496,2.9900506,1.8570138,2.537896,-7.632461,-2.8143518,4.359572,1.281715,-0.9325762,-3.7966902,-4.133694,1.6155869,-4.903389,7.766296,0.02107364,2.5421114,-0.8016375,1.2724342,1.0448266,-5.259337,3.4386525,-10.10669,-1.5467082,5.8807797,-6.3570867,2.817514,-0.79686093,-0.7014204,-0.30260542,1.0830307,-1.890285,1.4884372,6.934348,-1.3897909,2.9306748
KIGGDLPKGRETKENYGKTLKIENVSYQDKG,1,True,-6.266822,6.4353848,-2.0781517,8.122532,1.1134099,-0.564442,1.4312685,-2.8085477,-8.612256,2.2465684,-4.5252357,1.1451414,-5.539726,-4.30354,-0.11180219,-3.653368,2.1962166,1.730593,2.4339445,-5.8420625,-3.3801212,2.3022492,3.7902906,-0.51561415,-3.9478254,-3.945133,1.1129329,-3.6187773,6.5131516,2.3723216,2.7058816,-3.5899184,-0.40556756,1.0879298,-5.0699253,1.8449188,-9.093245,-0.34233934,4.5052934,-5.609134,4.4929867,0.46071053,-1.9130652,-0.5403704,1.1132494,-3.4862225,2.1611524,7.9275465,-2.9283278,5.256586
PFPIIIHDEPTYARSSKNAIKVPIVINPNAY,1,True,-6.0609345,6.3586326,-1.8568853,7.6005716,1.8576275,-0.6437425,0.22850803,-2.8678732,-8.414927,3.3058448,-2.0001607,-0.39605263,-5.198753,-2.3087342,2.0230296,-4.419542,4.090698,1.9637691,1.6480647,-8.540099,-4.6215544,4.415303,0.88249004,-1.1553543,-3.4164,-4.123237,0.7412542,-4.155883,5.4167356,1.8277375,1.4889662,-0.96983045,0.30299786,-0.36409557,-6.598185,1.4913604,-9.166457,-2.651248,4.2998304,-7.467816,4.897252,1.3498199,-3.0999246,0.29752296,-0.14735676,-2.399178,0.8795345,7.2212725,-1.8659858,4.667022
QQGAASTEGAVLPSSSDALLSDKQVMETIQW,0,True,-6.211182,3.8908563,-2.7037504,6.6235886,2.1876655,-0.9784826,-2.881231,-4.570572,-10.936578,4.6626167,-3.130547,0.18693331,-4.2021155,-4.725983,1.3122711,-6.2050185,1.7189826,-1.3769629,4.6774435,-7.3083887,-3.6973948,3.7756813,-0.27146164,-0.30078954,-1.7491766,-5.728308,-0.99429756,-5.334454,6.7159944,2.0013993,2.3908436,0.5234083,-2.297889,-0.86273515,-4.1466093,2.4153695,-10.842937,0.54566854,4.93153,-6.2684317,4.339548,0.1906715,-0.7847596,3.3048737,0.7292788,-0.14395699,0.0032939613,6.5803657,0.26025268,4.4551234
RTTNLSSKLMEFNLGTDKQTFLSKLIKSIFI,1,True,-6.977782,5.4330015,-1.6474379,7.847136,0.1577748,0.84805596,0.67347324,-3.7109442,-9.663556,4.007084,-3.7692232,1.6400928,-4.458959,-1.1850797,-0.0092742145,-2.8929205,4.503061,1.5428313,2.2057679,-7.656234,-2.062665,4.3861756,3.3749754,-1.9969912,-3.1184292,-5.0259337,2.3545516,-4.156171,5.8084354,2.1418552,2.567813,-2.3170278,1.8603193,1.7958605,-8.385529,3.354917,-8.014771,-2.278183,3.1486487,-6.6259165,4.5566936,0.7706418,-0.9819682,-0.3310204,2.1100423,-3.5049818,0.93601215,6.799087,-0.7129315,5.701543
FHKHQMQDASRDLFTYTVKCIQIRRKLRIEK,1,True,-5.8893957,1.5045555,-2.641966,6.4101806,-0.34363067,0.3429261,1.8409293,-3.3265376,-8.589838,4.0499487,-1.3175324,-0.49499786,-3.9680781,-4.493875,0.66666436,-4.7857594,3.573531,1.4686674,5.2069125,-7.196268,-1.7521231,2.5023973,-1.7291069,-1.3423775,-4.5140376,-2.5123167,0.7668029,-4.107489,5.0539184,1.9971701,2.9495115,-0.53812706,-1.4862558,-0.9892382,-7.215848,3.439507,-10.110704,0.33022034,4.7936125,-6.877963,4.0094604,0.13976032,-1.1197815,-0.2604204,2.3716013,-1.8206344,1.8871963,7.036509,-0.010514542,5.8340693
LLFSRFYEAYKFSGPSLPKNDVIVAVNWTGV,1,True,-5.52807,3.9455338,-3.1315343,7.8301773,1.9194905,0.451746,-1.4792817,-2.3164976,-8.027474,3.595015,-1.1431926,1.0138149,-4.140121,-2.898295,-0.27721256,-7.145331,1.8053635,1.5099432,2.6866093,-7.4577665,-2.6098094,4.793533,0.54776704,-1.3664631,-1.7950776,-4.1893106,1.6240482,-5.266291,6.7786293,0.35190678,3.4921346,0.44521695,-0.6003618,0.73249847,-6.700781,0.12236968,-10.470837,-2.6761577,4.3113794,-7.0089664,4.968539,1.7399948,-2.8696704,1.2174225,0.84446996,-2.6997552,1.1864725,6.7751884,-0.22473574,5.096827
WNPYVASWIDRRRHQSEKANLTILFDKYVPA,1,True,-6.3495917,3.9055924,-3.0723906,7.9096766,0.620367,0.08091383,-0.26590592,-2.1492374,-9.616049,4.420396,-2.2788625,0.21019344,-3.9291818,-3.4302826,0.0007881969,-5.2651896,2.9738998,1.6110011,5.805526,-6.1783595,-1.9920439,3.3988724,-0.5953568,-0.07529961,-2.7261379,-3.2069736,1.1808006,-4.576332,7.0444784,0.7568457,4.0868297,-1.0609045,-0.5697706,-0.22231759,-6.249957,2.084058,-9.961901,-0.3092439,4.5614934,-5.992023,3.154553,1.7233546,-2.6388793,-0.121980086,1.5642099,-1.4307874,1.3373052,8.068928,-1.6499645,3.3671618
PVLGGLGPPFAFNLNSDTDVEEGQQPATEEA,0,True,-5.932348,5.1673326,-1.6407673,7.28951,1.34395,-2.2511065,-3.8103025,-3.5236537,-9.556709,3.5210645,-1.7583624,-0.046231814,-5.391396,-3.9803355,-0.036542434,-7.2265477,1.3039898,-0.15340996,4.865243,-6.2675734,-2.4460347,4.3713403,-0.21011779,-0.4010386,-3.0079405,-5.360545,-1.169536,-7.069289,6.0458803,1.0843397,3.7200954,-1.3152556,-2.7657843,0.7028889,-4.80696,2.8147411,-11.679273,0.42698207,3.131345,-6.49378,5.151928,0.26215732,-2.1456478,0.73740745,-1.0908498,-2.321319,-0.19919685,6.8346934,-0.787872,3.1880012
DISTTPNWVETHSTVTQRFSHSEMTTLVSRS,0,True,-5.755441,5.2815948,-1.3044643,7.828728,0.33756185,0.24095207,-2.6214025,-4.119944,-10.062004,5.5416985,-3.0149133,0.4276073,-3.7561548,-4.321292,1.0858873,-3.9244554,3.6874716,-1.5578946,4.461369,-7.753383,-2.2883854,4.2623553,-0.950464,-0.18322553,-3.013605,-3.999991,0.20390159,-5.0035367,6.148973,1.9965663,3.86067,1.1370205,-2.162039,-0.49815783,-7.691916,1.6917473,-7.957469,-1.0645995,4.4163623,-7.6549125,3.042658,1.6524445,-1.9871587,1.7516683,1.1212417,-1.3309957,-0.46286696,6.6898327,-0.68955725,5.6503115
VEGHHTIYIGVHVPKSYRRRRRHKRKTGHKE,0,True,-7.077049,3.4351752,-1.3492066,8.168708,-0.09296908,1.3101215,1.0873009,-4.7604795,-9.182375,3.9578776,-2.2747264,-0.7845793,-2.3407476,-4.7915435,0.2723214,-3.4178116,1.5536624,1.1582043,6.342537,-7.68897,-4.257554,2.2274222,-0.74692917,1.468785,-2.559198,-3.4709587,-1.3708133,-4.479972,6.5927176,1.1538861,3.8123317,0.9691529,-2.9705899,-3.7215762,-8.216962,2.1105158,-8.785555,1.6190697,6.2201924,-5.6407595,1.8659538,3.337993,-1.3973333,-1.3453662,1.672311,-0.82953584,3.2563195,9.037018,0.11886379,2.5670843
QQAQEELAEMKRYAESSSKLEEDKDKKINEM,1,True,-5.4168773,3.055327,-3.6119583,7.2502546,0.3473562,0.74104565,2.8422656,-5.2332907,-9.575249,3.598586,-4.0759516,-1.3007034,-4.088067,-4.9833703,0.4713189,-2.0206373,2.9799647,0.40997615,5.5087814,-4.8045845,-2.591836,2.6864698,0.8044522,0.4228719,-4.5581865,-4.321299,0.8265781,-5.7145677,7.112392,2.064588,3.375274,-3.5403085,-0.046924517,2.6541839,-3.8772175,6.620981,-9.270462,0.9942951,5.717728,-7.1519923,4.439507,-1.4747635,-0.03633622,0.4916676,2.1226912,-3.2850978,0.12772863,6.059679,-1.6496717,4.6503897
QKSMESSLCVMANPTYDIDPNWDASSAGSSI,0,True,-6.6857586,4.65085,-1.5507889,5.8557825,0.6776753,0.3490483,-2.1989717,-3.7080994,-9.498977,5.0128646,-2.971289,0.45883343,-4.613292,-2.9238844,1.457704,-6.301958,1.9546645,-0.79368883,1.9964497,-8.30677,-3.4061913,4.449431,0.7132484,-1.4791741,-1.0794642,-5.05639,-0.7779308,-5.0172462,6.4316525,2.8745706,2.976402,0.16506824,-2.3891518,-0.6630587,-5.6982217,2.1629162,-9.587268,-1.6506428,5.2451725,-7.4535127,4.4187403,0.10179403,-2.5884855,1.7968777,1.8423798,-2.7504702,-0.15493573,7.124485,-0.25265157,4.949051
LENRKDIAQEMLMNQTKATPEEIKSILKFQE,1,True,-6.599485,3.9367545,-3.592026,6.3560834,-0.6750075,-0.16499741,0.62624705,-5.5685782,-9.630766,3.3674738,-2.2559183,0.17070986,-4.3996153,-4.135973,1.3011475,-1.1640745,3.6665783,1.2106636,4.538403,-5.8000565,-1.0107306,4.350993,2.701885,-0.78780764,-5.47071,-4.4011083,2.353516,-3.9304595,6.5884657,0.7499615,2.3812556,-2.0221725,-0.119274504,1.8906807,-5.3723702,3.4960508,-8.623918,-0.82743466,3.3377512,-6.752072,3.638721,-0.6433722,-0.92353797,-0.49540332,0.14856791,-3.6119707,1.6395897,8.267485,-1.3164132,4.394626
HLANTVQENAKSWVISLGKLLNESAKEELYN,0,True,-5.917794,3.498503,-1.3913984,7.5404177,0.05051306,1.4023461,-0.13311604,-3.7638853,-9.194279,4.4689484,-2.776377,-0.27537,-3.9366553,-2.6169055,1.5303164,-3.4650397,2.9348407,1.0011048,3.035547,-6.050051,-2.5541108,3.5566883,1.4464742,-0.7304013,-3.2922618,-4.3085794,2.3968458,-5.324416,6.7360134,0.35972863,2.2883883,-2.6155117,-0.7856678,2.1899083,-4.2215786,3.1903436,-10.283372,-1.0667366,3.7555575,-6.6221967,4.6981225,-0.05803538,-1.1082001,0.21665451,1.9301513,-2.6722984,1.4697804,7.45425,-1.2082223,4.6177497
KCKCWPGFQLKDDGKTCVDIDECSSGFPCSQ,0,True,-5.229389,4.891049,-0.42290395,7.5478473,-1.6801293,1.9444888,0.6652646,-1.7770214,-4.960924,3.9243336,-5.356334,1.7814512,-6.1041565,-3.236769,1.8611931,-8.032004,2.9271197,1.530643,0.6002972,-6.4439464,-3.2416587,1.3004202,-0.88796425,-2.5914514,-1.7552756,-1.6357982,-0.7032905,-4.019356,10.552845,2.3078372,0.94440305,-0.9533646,-3.8631341,-0.24442035,-6.3990383,0.54181296,-10.722494,-0.63605565,6.9467797,-8.88266,5.431796,2.1719205,-0.36930946,-0.4057685,4.9335556,-3.6474805,1.5421324,7.724905,-0.31391367,5.0440865
TGNKGLRLKESGAINTSLFVLGKVVDALNQG,1,True,-7.4192944,4.760779,-1.1486623,6.170774,1.4336228,-0.27363098,-1.213002,-2.8071404,-9.130563,4.158165,-2.8160143,0.42445278,-4.083165,-3.0298796,0.5892156,-4.870512,2.3372557,0.8685761,2.9178686,-6.6645217,-4.488079,5.664257,0.7625681,-0.8879916,-1.8395771,-5.8396597,1.7069513,-5.611014,6.5509334,1.6927342,1.5875326,-1.5421916,-1.7351526,-0.16191462,-5.266926,2.0903785,-10.173043,-1.4762944,3.1300106,-5.788093,3.9910347,1.0174494,-0.93545306,1.1535956,-0.011267431,-2.6258886,1.9423211,7.575412,-2.664383,3.1061506
VATLSHEQMIDLLRTSVTVKVVIIPPHDDCT,0,True,-3.8564687,5.921493,-0.6171836,7.1045346,0.7592524,-0.106329426,-0.73873836,-2.5162792,-8.902583,3.9004755,-1.2269957,1.7889731,-5.136938,-3.687875,1.854129,-6.252243,3.3578396,-0.023527227,3.821321,-7.52451,-3.5109966,4.793508,-1.1231992,-0.8699948,-2.355586,-2.8922043,0.64825034,-5.880845,6.4463954,0.7155778,3.0100224,0.37229955,-0.48561263,-2.840795,-6.555915,1.7955157,-9.812433,-0.16667418,3.828125,-6.841148,4.3857927,1.0184151,-2.623578,1.4166694,0.33301592,-0.19815385,0.38623813,7.87506,-0.20723437,4.1447377
LSVQKQMKLGLVSPESMDNYSHFHELRVTEE,0,True,-5.042145,2.9990995,-2.040931,7.3963127,0.45454076,0.34922978,-0.19581333,-3.8387532,-8.909282,3.866071,-1.2254544,-0.7139277,-4.1392865,-3.4744215,1.5004622,-4.994737,2.812081,0.10564527,4.3012133,-6.9594646,-1.6637837,3.6208286,0.31985563,-1.0149558,-3.4743655,-4.2907414,1.1642958,-6.2449427,5.883515,1.6039894,4.1565886,-0.42407846,-2.8918812,-0.05514884,-5.1632876,2.782855,-9.934846,-0.16107601,2.7853768,-6.1575575,4.873057,0.15654996,-0.9273651,-1.5691121,1.2896203,-1.5299916,0.3517871,7.3693414,-0.8265789,5.1059914
SPDSDPYKATSAVVITSTSGDSIVSTSMPRS,0,True,-6.340032,6.799635,-1.1169534,6.2179823,3.3201652,-0.9069915,-3.3058658,-3.5634675,-9.969615,4.5664344,-3.7007184,0.85863566,-5.373984,-1.3892463,0.8465215,-4.550621,2.767098,-0.75702745,1.5628148,-10.150995,-4.416911,5.3828454,0.9070629,-0.23027812,-1.7797468,-6.730869,-1.3332807,-6.211545,6.7509675,2.5184534,2.1261842,0.9169315,-3.027379,-0.41500893,-6.9391437,0.3459971,-9.59455,-1.402124,4.093892,-8.568961,2.9055054,-0.18072608,-2.7094984,3.6861637,0.72535175,-1.846157,-0.104097225,6.4817896,0.55394936,4.497059
TLDTSTTKSQAKTHSTLTQRFPHSEMTTLMS,0,True,-5.4177623,5.3572474,-0.6956752,7.9054117,0.19619712,0.67237926,-3.4779615,-4.475482,-10.377807,5.8014817,-3.2455544,0.053841308,-3.917911,-3.0013745,0.9955566,-3.5852406,3.9968328,-2.3480864,4.6915026,-7.021888,-2.2213075,2.654053,0.94802487,-0.032640517,-4.4461203,-4.6150947,-0.50375694,-4.916298,6.764122,1.8402978,3.6441581,-0.22395161,-1.4874893,-0.47883198,-6.8844094,2.4128242,-8.390112,-0.48762238,4.21971,-6.8618536,3.2450566,1.3086222,-1.2584896,1.5287868,0.8598089,-2.4615676,-0.61816525,7.095549,-0.89001673,5.931582
KRLLTSITTKSNIHSSVMASPGGLSAVRTSN,0,True,-6.616856,4.4820867,-1.9801513,7.284295,2.2359107,0.088327244,-3.5587533,-4.3856854,-11.00853,4.235706,-2.3713012,-0.30226675,-4.836949,-2.2685657,1.9013492,-5.111026,3.503404,-1.7403202,4.073446,-7.8756924,-3.879019,5.2945566,0.35898864,-1.6467873,-1.5490489,-6.655758,-0.9733741,-5.1468897,5.780734,1.8548456,2.2677317,0.65755624,-1.5021036,0.4647144,-7.337676,2.1678677,-8.737677,-1.9291036,4.416011,-7.915005,3.1428158,1.0633968,-1.6926594,1.6036476,0.8103908,-2.175912,0.69007474,6.781482,0.7491133,5.1003027
FYVTETTFQKNRLFFYRKSVWSKLQSIGIRQ,1,True,-8.144935,4.4544435,-3.1320734,7.0593123,0.73354435,1.1919848,0.16844402,-2.1945195,-10.442447,5.114993,-0.99337727,0.21743886,-3.3594477,-1.5432956,0.70625234,-4.87195,2.5510936,1.9697187,2.2674003,-7.349059,-1.7818812,2.2269368,0.8835001,-1.4050722,-3.290893,-5.2406883,1.8122101,-4.4647074,5.2656574,1.5716343,3.287981,-1.3779535,-0.1865616,1.5605571,-6.830286,1.7843677,-9.955114,-2.0985532,4.6938004,-6.4920197,3.9341745,0.20706823,-0.55593485,-0.6388966,1.4003956,-2.4308155,1.1510333,6.63847,-0.7793812,5.407213
NCLLYQHLPVTRFPCTLACEARHFLLDGEPR,0,True,-7.5374866,1.4683461,-2.3201454,8.802427,-0.4263704,0.11161621,-3.2203333,-2.9617772,-7.975806,3.4322503,-1.6381538,0.4051707,-3.6645856,-3.5206451,0.5326273,-8.882072,1.2229007,0.73869807,4.4544578,-6.47932,-0.7954822,2.7877574,-1.5858127,-0.11154754,-0.81144005,-2.9905407,-0.681183,-4.5517187,7.8930955,-1.0025637,4.569002,0.01718498,-2.2443142,-3.2905939,-5.391672,0.1980885,-10.5988035,0.46486622,3.4542732,-5.451976,5.0404925,2.9052396,-2.6685734,0.21861996,2.6468053,-1.6011643,1.440129,8.526171,-0.459565,4.888225
TTDTEKIHPSSSMAVTNVGTTSSGHELYSSV,0,True,-6.389072,6.5073886,-1.5092477,7.974623,1.5197909,-1.0047551,-2.5364585,-5.0620766,-10.350517,4.0561113,-1.9228125,0.73529077,-5.5491376,-2.1171856,0.4051238,-4.115586,3.5195656,-2.5394673,2.0155275,-7.680521,-4.730487,5.865661,-0.005841257,0.16347744,-2.247161,-6.280788,-1.760196,-5.66919,7.0325866,2.074688,1.7945669,-0.08223739,-2.4568675,-0.649821,-7.3478813,1.3476834,-8.347168,-1.918685,5.792486,-7.0144625,3.2721932,0.20472936,-1.2424977,0.7061294,3.386221,-2.462141,-0.41375124,6.49681,-0.84208876,5.8947186
MMAFDRYVAICNPLRYSVIMSKAAYMPMAAS,1,True,-4.7207336,1.8510182,-4.0283976,6.7432218,0.15365463,-2.4751246,-0.18440211,-2.0455554,-9.284549,3.8281713,-0.027564898,1.0577471,-4.9672365,-2.715078,1.2009972,-7.550274,0.21332026,-0.08965626,3.709716,-7.5077305,-1.8888305,5.9093995,-1.3366208,-2.0344052,-0.8123653,-6.3262877,2.491208,-5.492047,6.919564,-0.72045404,2.9416783,0.6725898,-2.1699762,-1.5552591,-5.848674,1.6138015,-9.604084,-2.8738115,5.6614294,-6.5691705,5.8240733,2.6180527,-3.455582,1.0364046,0.049848694,-2.3671162,2.0233152,7.095693,0.4203642,2.19811
KGKYHHGLSALKPIRTTSKHQHPVDNAGLFS,1,True,-6.5643253,4.1196566,-1.6633524,8.928515,-0.91544944,-0.45396143,-1.4874557,-4.635028,-9.786809,4.991217,-1.7899585,0.011658177,-3.995776,-4.2868876,0.19005859,-4.819872,2.5631828,-0.59130573,3.7934127,-5.6092978,-3.847972,4.841886,0.66170067,1.0159757,-2.2588556,-4.843639,-0.27039105,-5.0619373,5.4004297,1.5364674,2.0619328,-0.820552,-1.8187486,-2.136293,-6.246842,1.2835206,-9.202085,0.08607465,4.3472214,-6.5707526,4.073629,3.2820504,-2.6931634,-1.2904422,0.41490966,-2.6469965,1.4366157,7.7992334,-0.54313266,3.7201643
CAGSRRRFSDSEGEETVPEPRLPLLDHQGAH,1,True,-4.8774543,2.5423584,-3.431338,7.763547,1.6395708,-1.4407612,-1.7038051,-3.5890243,-9.590326,3.0286548,-3.8497143,-1.3906372,-3.0519135,-5.20937,1.7222621,-7.625081,0.06017206,0.49108127,6.0841784,-6.4914494,-2.8961103,3.2893012,-1.6663884,1.4960741,-2.822269,-3.5397613,-2.5623949,-6.054684,7.580551,0.8525642,3.7256665,0.88272494,-5.487643,-1.968296,-5.349031,1.0061982,-10.901726,2.9786038,3.7394054,-6.25299,2.4227977,1.1686187,-2.629939,0.9792222,1.4309883,-1.0235462,-0.23402882,7.7959123,-0.12126576,4.876656
IRRFAHLLVKKDICNSETKKDLLKKVKNAIS,1,True,-5.8458257,5.5095663,-2.952198,7.350381,-0.5937584,2.3228571,2.4400558,-3.5987175,-8.536941,3.9702191,-3.610337,-0.29499865,-4.563403,-3.2253768,0.41879457,-2.8322232,3.336756,1.8484625,3.1553152,-6.218785,-3.009477,4.039725,2.4983575,-0.09360534,-3.7492294,-2.6463723,2.027283,-4.3942566,7.581929,0.8552747,1.3653042,-1.3978189,0.6159141,1.7221789,-5.4128513,2.3724842,-9.156353,-1.4381763,4.7726727,-6.95484,3.709237,-0.41574675,-1.4424747,-0.50945497,2.9419508,-3.024962,0.2655238,8.165323,-2.0515506,4.8332553
PIPYYRPSPSSSGSLSSTSSWYSSSSSRSAS,0,True,-8.108952,5.5762534,-2.7421787,9.385581,3.7506073,1.1008345,-3.2750301,-9.326372,-12.295938,7.3473268,-4.1953034,1.3789797,-6.0331926,-0.67784756,0.74198836,-2.8728538,4.3439,-3.9837632,3.428451,-11.903131,-4.376957,5.0424848,-0.5451203,-1.6594582,-2.3723698,-6.0967894,-3.3719938,-4.4203687,7.0058565,6.945431,1.8586915,3.7036874,-2.7838569,1.417338,-10.452207,1.6064367,-7.1974626,-0.534012,6.2273417,-10.511694,-0.48683155,0.40160486,-2.4717054,6.186445,3.6332285,-0.37961423,-4.378001,4.3995986,2.0582643,6.549518
GTDKNISEAPASEASSTVTARIDRLINEFAQ,0,True,-6.434978,4.988233,-1.9420444,6.9317827,0.47525176,-1.2614496,-1.9674172,-2.872805,-9.226267,2.9508145,-3.2749865,1.2788646,-4.2841067,-3.6396363,1.83813,-4.805421,2.871394,-1.2709868,3.7061315,-7.542296,-1.279644,4.3687243,1.046229,1.6068492,-3.0403047,-6.3554654,0.14412664,-6.569415,6.4502053,1.8380762,3.3252082,-1.0561419,-1.6026838,1.5403687,-5.5986953,2.3352242,-10.449156,-0.014332421,3.7832875,-7.4383698,3.9908466,0.45752114,-0.68237174,2.998925,1.0772128,-1.7748351,-0.24113968,6.5392623,-1.2661612,3.5715892
NGFHAIGQMCEAPVVTREWVLDSVALYQCQE,0,True,-5.495116,2.4167962,0.570784,7.4971805,-0.8357748,0.89707357,-2.8401117,-0.7530808,-7.20193,4.0111775,-1.353204,-0.5308226,-4.12249,-5.245473,1.006506,-6.7092776,1.4242847,-1.2557962,4.375036,-6.5508018,-1.2147962,2.9619622,-1.9630629,-1.0904328,-1.1605372,-3.4413478,-0.56100404,-6.5102406,8.177761,-0.35253018,3.4031672,1.3113453,-2.5439494,-2.4360447,-5.350985,1.5308406,-10.758394,-1.5092883,4.328381,-6.4869194,6.276984,2.1738818,-0.69309384,0.066195816,2.1685588,-1.9651446,1.1838696,9.285969,-0.029020034,3.7922997
SPTFRRLFGAKAGGKSASAPNTEGVKSSSVM,0,True,-7.469226,5.3943706,-1.5604556,6.537217,1.9705298,-1.190969,-2.9516802,-2.4643104,-9.776766,3.8209038,-3.8950846,1.1326945,-5.2509537,-3.129779,2.0880442,-6.0798306,1.1384199,-2.1030107,4.648318,-9.04227,-5.3994875,3.722684,-0.34480956,-0.35657522,-0.9198021,-6.0902224,-1.3718574,-5.2427735,7.11454,2.2383986,1.6930726,-0.28361803,-3.7473283,0.4067157,-5.924422,2.3098474,-9.645042,-1.6948814,4.557493,-6.630543,2.2691424,0.92021865,0.3352717,3.0088918,-0.7873497,-2.8276212,-0.63544136,8.6475115,-0.30329698,3.4412
QSFICTHVDYCHPHCYLHHSRSCARLVRAIK,0,True,-6.828855,2.8229244,-1.6884636,9.706885,-1.5003334,0.7058885,-0.9774067,-3.4577188,-5.9918933,6.123802,-1.3889832,-1.0097177,-2.857746,-2.9117799,0.27198428,-7.1057873,3.0172148,0.45429626,3.5148237,-6.8706064,-1.5533248,1.8638985,-1.7956841,-1.4743267,-0.69022286,-2.1255817,0.2836657,-4.8394346,7.5154705,0.5085805,2.5028558,2.986694,-3.008276,-4.889745,-6.3402524,1.691396,-8.626823,-1.1277394,6.337193,-9.501992,4.2311935,4.4854116,-2.4641385,-2.0631187,3.6810029,-1.8346992,2.761963,8.410625,1.1299661,2.9474273
VADKYWKKNGGSILFYTGNEGDIIWFCNNTG,0,True,-6.9157476,5.2028365,-1.1362168,5.538104,1.879335,1.3214709,0.04589732,-2.4800825,-9.193361,5.5883965,-3.7118394,1.9065528,-4.7399855,-0.23853718,-0.3221248,-3.9818926,1.9706581,1.5257905,1.0864475,-6.840075,-4.543949,4.812724,3.237967,-1.5431075,-2.0882313,-4.173249,1.7156008,-5.2956476,8.561207,2.3902044,1.485531,-2.309182,0.7213017,-0.49445456,-7.03324,2.4437513,-9.845029,-2.8255935,5.169486,-5.2253656,4.520015,1.9937286,-2.4524553,-1.0286107,2.3970146,-3.9094572,1.2918158,8.159981,-2.9803648,4.3265486
TITNLQYEEDMRRTGSRKFNTMESVLQGLLK,1,True,-5.6392155,4.11362,-2.986445,7.588557,0.8647301,1.5187356,-0.5479796,-3.9232855,-8.540889,5.2476654,-2.0941162,-1.4302185,-3.0243776,-2.8789303,0.44062442,-5.3955154,1.8557917,1.5342019,3.907097,-7.83857,-2.2651236,3.8452973,0.14677031,-1.0640805,-3.1818361,-4.907767,-0.35768026,-4.3482676,6.5093217,1.834087,2.8432558,-0.87927985,-0.73509437,-2.0064592,-6.2294755,3.3126585,-9.082088,-0.3987736,3.5556152,-6.247496,4.063995,0.5684576,-1.560012,1.2019515,0.74466014,-2.4827845,0.67027164,6.658089,-0.630479,5.424642
PRWTKKPQSAVYSTGSNGILLCEAEGEPQPT,0,True,-6.5294695,3.6557772,-1.8849864,7.2360277,0.8685174,-2.880845,-2.0177593,-3.117014,-9.345132,2.9912386,-3.0581396,0.23162377,-5.0983915,-4.6336,1.1249908,-6.8651958,3.0183463,0.44306093,3.424625,-7.221887,-3.3126876,4.8122187,0.48342034,0.03407024,-2.3521078,-4.494569,-0.8604037,-5.2635345,8.242767,1.0953012,2.3618956,-0.22626114,-2.4227488,0.98115313,-6.2260113,1.1557869,-9.710872,0.618961,4.146958,-6.3201447,5.0991673,-0.6821378,-1.3772068,0.5999263,1.2351252,-1.4221133,0.41275346,8.088354,-0.9914129,4.5175076
SEAITRLSNFPAMTESGGMILAMQTSPPGAT,0,True,-6.3472533,3.3015532,-1.362178,8.013788,2.493668,-2.4745226,-3.74438,-2.91319,-10.067682,3.8809118,-1.7337024,-0.13020526,-3.9503798,-3.612358,0.9998106,-7.2539973,2.0201066,-2.143648,5.017198,-9.200051,-3.9292612,5.6019926,-0.7495133,-0.6874585,-2.3242593,-6.7021937,-1.4046676,-5.917257,5.69053,0.7715565,3.5665085,0.23305345,-3.2240589,-0.18811195,-5.7747407,1.8075498,-10.059713,-0.908016,2.7584279,-6.1568146,3.7568321,1.7785491,-1.3235983,0.6500947,-0.86105895,-1.2208093,0.93937963,6.870547,-0.66427016,3.3465948
EINIEVYSLVQKKDPSGLDKKKKTSKSKAIT,1,True,-7.2196064,5.8739457,-3.0375037,7.1521115,1.6203231,0.6721369,2.3629494,-3.9619625,-9.665773,3.882389,-4.12237,-0.5171021,-4.6217275,-2.7045264,-0.013813015,-1.2328683,4.379503,2.071762,2.5244346,-8.418434,-5.304212,4.14725,2.7389925,-0.29521716,-4.460222,-4.3381643,1.6713187,-3.1063852,6.0456104,2.473162,0.9517617,-2.2504761,1.0458589,3.234884,-6.712692,3.6830885,-9.127115,-1.3971356,5.6543427,-6.1307106,3.6614532,-1.5242107,-0.14291695,0.97019,2.1978517,-2.6420753,0.16226044,7.7583284,-0.88112104,4.199632
LPPNLSSTAGEALSTYEASRDTKAIHHSADT,0,True,-5.9937773,4.4573474,-2.6726325,7.955144,0.7445245,-0.8981385,-3.1882484,-3.8654828,-9.602955,4.128043,-1.2366831,-0.7807077,-3.964558,-4.33387,1.3316894,-5.3580437,1.7258914,-1.9010799,3.9588597,-8.18663,-2.501565,4.477144,0.7339223,0.16670527,-1.9685652,-5.399386,-1.3466023,-5.787753,6.5096397,1.7033954,3.7599213,-0.03778386,-4.3905787,-0.15001097,-5.8788958,1.9503815,-8.00457,0.7524595,3.803426,-7.5630975,4.096714,1.3536946,-0.653886,1.0864921,1.5194075,-1.2682483,-0.3242488,7.8781266,-1.3799114,4.1121783
VTAGNQPYCHCQPEYTGDRCQYYVCHHYCVN,0,True,-5.516626,1.8909717,1.3880836,10.15412,-2.6746843,0.35694596,-0.33240086,-2.1341472,-4.066675,6.016596,-2.4900427,1.0954022,-5.1597548,-4.035643,0.12647718,-9.448947,3.3492494,2.1019013,-0.78523594,-7.187439,-0.8137714,0.78855276,-0.22491358,-0.75473773,-1.558005,-1.7036661,0.026967436,-4.5770416,9.593402,-1.5031056,2.215334,-0.18096898,-5.2129254,-3.856544,-7.0533195,1.4042947,-9.867241,-1.2467456,6.029117,-9.001778,3.6326838,4.114874,-2.3676524,-3.0849633,4.712531,-3.3722653,1.660406,8.15792,-0.5003047,3.9429097
CYRITDDGIQAFCKSSLILEHLDVSYCSQLS,0,True,-5.1485147,2.7285175,-1.5640364,8.984836,-0.66125536,1.1916748,-0.11520395,-3.6137605,-6.4821424,5.3800735,-2.5772672,1.0800242,-4.5392966,-2.018533,1.039667,-6.1488633,2.9754171,1.5194268,3.7109694,-7.614468,-0.7522555,2.9197118,0.008062791,-1.4353185,-2.2763402,-3.1714492,1.4092923,-4.3022604,6.9593368,1.476762,2.7941225,-0.9026981,-2.4906495,-0.2428222,-5.901933,1.7933874,-9.619501,-1.7959292,3.995061,-7.7767243,4.941381,0.6318861,-1.8098066,-0.51769555,3.5124087,-2.5223932,1.2538067,7.882452,0.90549606,5.1741376
KLEKEKRGAVLTTTQYGKMKGMSRHSQMAKI,1,True,-5.887158,4.713357,-2.4006648,7.111177,-1.7693235,-0.33580464,-0.48213497,-4.0821943,-9.587441,3.320899,-2.7002532,-1.5086453,-3.2934535,-4.9102035,0.7436303,-3.6027129,2.7656248,-0.31974888,6.3160434,-6.9009733,-3.2542882,3.2022643,0.4970501,0.45293224,-2.4227073,-4.787411,0.5053402,-5.444051,6.522181,1.6044948,3.5866456,-1.1517439,-0.38077545,0.28554907,-5.494821,3.9706933,-10.064167,-1.1495341,4.4637156,-5.778501,3.6292303,-0.37204996,-0.65771943,1.1196375,0.9613933,-2.3880348,1.3684126,7.561635,-2.2012386,3.3911285
QARCHRIGQSKSVKIYRLITRNSYEREMFDK,1,True,-6.33146,1.9421804,-1.6731954,8.435581,-0.062027354,0.049285017,-0.15203547,-4.404115,-7.1879478,5.2799535,-2.1710606,-0.8274052,-3.8521962,-4.4079013,1.3599346,-2.4192483,2.2253222,2.1911955,3.8525252,-7.9797606,-1.7010661,2.2398145,0.36535046,-1.8067735,-1.667182,-3.290165,2.0421975,-3.014644,7.795644,1.829948,3.9330692,-0.04989722,-1.0461705,-1.696143,-7.1523833,3.1589909,-10.1954565,-1.2461946,5.398143,-5.5952373,3.1164074,1.4111444,-0.87986755,0.15119597,1.3280061,-1.5409144,1.3670586,8.158305,-0.5439265,3.8031929
KKQAGIPKEEEYKLMYGMLFSIRSFVSKMSP,1,True,-6.996595,4.499684,-3.8289847,6.5310144,1.0145308,1.6395543,-0.40581873,-2.3389273,-9.246669,5.1212473,-2.3133917,0.2245768,-3.0871036,-3.9770877,2.2356365,-3.738354,1.7005208,3.0742743,3.4650195,-6.9964676,-1.6962109,4.600528,1.4809605,-1.3270531,-4.003779,-5.642153,1.3110802,-4.4407854,7.5409646,2.0821724,2.3746166,-1.3748983,0.26234385,2.0245354,-6.5650525,3.9632895,-10.026444,-0.8052781,4.110296,-5.0039573,4.422687,-0.1173656,-1.3573893,-0.45707715,-0.192253,-1.8577824,2.2447019,5.5547857,-0.28294218,4.9850554
STVLSSVPTGATTEVSRTEAISSSRTSIPGP,0,True,-6.362959,6.0788274,-1.2557787,8.025114,2.408468,0.1741586,-4.032306,-4.869014,-10.851788,4.4523053,-3.774541,-0.21260434,-5.406804,-2.854195,2.4497018,-4.6126328,2.7476707,-2.956398,3.6172688,-8.487007,-3.3546631,5.640598,-0.90122354,-1.2671659,-0.20620151,-6.572812,-1.4472952,-6.916073,6.839372,1.912536,2.4835858,0.85803306,-3.2142496,0.50244784,-7.151438,0.94355136,-8.834789,-0.5418681,4.3863506,-7.3257775,2.729888,0.53534657,-1.0625963,4.0011506,-0.063488185,-1.5462995,-0.78192306,7.238675,1.1421013,4.0581512
MAMSHGFKTEEKLILSNSEIPETSAFFPENR,0,True,-6.4641013,5.313674,-3.63854,7.762663,1.5401862,0.7288792,-0.7346498,-5.2765975,-9.247847,4.8045835,-2.4869921,0.45877957,-4.3619957,-2.884898,0.6551219,-3.623721,2.6823425,0.60946476,2.7665472,-6.783822,-3.6694531,4.93275,1.6913649,-1.0493718,-3.39389,-6.1748385,2.095549,-5.2734957,7.1259685,1.4407384,2.325541,-1.72578,-1.2409337,0.59478456,-5.984775,1.8239087,-8.846624,-0.708522,3.572749,-5.7108183,3.700087,-0.53641677,-1.0015327,-0.48600882,1.9804349,-2.7603009,0.7562958,6.226018,-1.1513915,4.991037
PGSAGHSRISTSAPLSSSASVLDNKISETSI,0,True,-6.5342913,6.177125,-2.1573844,8.569544,2.288951,-0.14895202,-3.4742877,-5.9575415,-10.240711,5.0936613,-3.7257214,0.57135296,-4.0530868,-1.5750902,0.18262461,-4.2429724,3.1593466,-2.620953,3.0728405,-7.756965,-3.8170412,6.2486234,0.37833536,-2.0934238,-1.0754386,-5.793181,-1.4368404,-6.3529925,5.951365,3.9188359,1.9670037,-0.93196553,-2.4064357,0.28365052,-7.2323475,2.0709548,-8.25269,0.3840239,5.1501784,-8.924436,2.70916,0.52234256,-1.8724055,2.7665746,2.8920114,-1.1817588,-1.0273631,7.1516523,1.4051337,4.7562265
SDLSLIILSYILILYSVLRLNSAEAAAKALS,0,True,-7.5010395,3.9953904,-0.79973763,7.7526975,2.0732124,0.75148016,-1.1510794,-1.5479119,-10.786618,4.1571097,-1.6196687,0.7128856,-3.3621826,-0.6039569,0.8313879,-6.5008206,3.7016387,0.7321733,4.100274,-5.7707095,-3.4981744,5.657239,0.035363466,-0.588338,-0.28705573,-4.4268994,2.106116,-7.802257,6.599323,0.506827,2.7129772,-0.9292772,-1.1943567,1.6408952,-5.339657,3.2971065,-10.374222,-3.0568335,4.430162,-5.804796,4.409496,0.7159459,-3.0003037,2.454882,0.7600291,-1.3498822,1.4058713,6.7182913,-0.85919625,3.4501646
KETQSKYEEAMKEVLSVQKQMKLGLVSPESM,0,True,-4.8926787,3.0207498,-3.3848467,8.015274,0.33268893,0.21726975,0.63642335,-4.81656,-9.397907,3.3507867,-3.03729,-0.3413976,-4.2132645,-3.6273513,1.1716957,-3.9506845,1.9515154,0.12946302,4.90043,-6.9759574,-1.6027563,3.2859788,0.8688295,-0.0039839894,-4.296478,-4.38523,1.5929803,-5.820525,6.344847,0.2927971,3.4996517,-1.145024,-1.837605,2.0654597,-4.0286965,3.205836,-9.699489,-0.1765742,3.3472068,-6.4351406,5.1407647,-1.363541,-0.26514935,-0.71137583,0.847991,-1.9151297,1.42203,6.9790244,-0.8664862,4.1686473
ERKLEEKRKETDKNISEAFEDLSKLMIKAKE,0,True,-6.291578,3.9697835,-4.180475,6.7701993,0.104368396,1.9185537,2.6717906,-4.1105204,-7.729027,3.0441768,-3.66273,-0.2513116,-4.229143,-3.9971461,1.0633885,-1.5504316,2.4404807,2.864662,4.069829,-6.4218807,-1.5901355,2.44051,2.665151,-0.50611067,-5.3119555,-4.241366,2.0413141,-5.3852987,7.497277,1.433487,2.557572,-2.6802254,0.45570534,3.6254988,-4.6848164,4.990954,-9.2211275,0.03583011,4.7432384,-6.407014,3.8966405,-2.0055451,-0.29307652,0.7339996,1.8793646,-2.9909708,1.2629504,7.235902,-2.1393006,4.641479
YSSVPEEGGATHVYRYHRGESKLHMCLDIGN,1,True,-5.917818,5.6815886,-2.8649018,7.8031206,2.3848877,0.07317606,-0.73442984,-2.8130043,-7.28895,3.8127882,-3.1827202,0.053957697,-3.080293,-3.302561,2.3021286,-6.7480593,1.1658412,0.7020414,2.5627995,-6.298844,-2.8452513,2.621341,-0.45579848,-0.10105358,-2.3671517,-5.278342,-1.9359274,-5.040808,7.720828,1.0201743,2.8207412,1.7390084,-4.3734403,-2.4670093,-5.654531,1.8486366,-9.704852,0.032870054,3.3667672,-8.029487,4.0248365,3.006514,-1.995908,-0.84694576,1.9209733,-1.7652032,1.6197989,7.298217,0.19796094,4.291584
TRKSLPKVKAMDFITSTAILPLLFGCLGVFG,0,True,-7.3636355,6.471296,-1.4355085,5.772657,1.5227271,1.356675,-2.6180124,-2.5399373,-10.14643,4.026629,-0.70485747,0.77511865,-4.1407332,-2.5580366,1.961307,-6.4970574,2.8362308,-0.5106738,2.5498314,-7.7043366,-2.2206073,4.8365626,1.2322385,-1.1337624,-1.2108814,-5.1358824,1.8003173,-7.361251,7.160539,2.0412714,2.6945877,-0.6310895,-1.2162647,1.4066316,-6.6036205,-0.20852722,-10.740814,-3.111602,3.8555384,-6.128491,4.470956,0.0029975176,-2.1005025,0.73370504,0.71361095,-0.28886238,1.1709309,7.3647685,-1.168924,3.6345212
GELQAAWRNGFDQCDYGWLSDASVRHPVTVA,0,True,-4.807051,1.6969252,-0.9546458,6.7647943,-0.3510952,-1.7207434,-2.0795279,-2.39283,-7.8693094,5.335238,-2.4390569,-0.032278128,-3.7508063,-5.7429743,1.6786221,-7.2412972,1.8288654,0.4320485,3.8210661,-6.93372,-1.5166048,3.662959,-2.2093782,-0.5170624,0.2489492,-4.2285895,0.30054986,-7.310701,7.376755,0.78082556,4.194553,0.27326512,-4.27958,-4.0410156,-5.114242,3.0612547,-10.2867,-0.9178487,3.859806,-6.694162,3.7839088,3.4462643,-1.8039038,0.4905774,1.2256883,-1.6718992,0.15158963,7.3123746,-1.4055567,3.8707595
FRKLRNAKGEELGKSSDLEDNRSEDSVRPWT,1,True,-5.633638,3.995333,-2.3062866,7.2267947,1.145231,0.9008024,-0.57755613,-3.9221768,-6.988781,3.5292025,-4.90524,0.7914059,-4.380439,-3.8389852,-0.700782,-4.305148,0.8948683,2.654334,4.8655,-8.011809,-3.014583,4.0948977,1.2842646,0.28156585,-2.8054414,-4.690129,0.38274413,-5.409678,7.200407,2.7172942,4.003614,-0.111330315,-2.34306,-0.26921517,-5.1512604,3.2567732,-9.8316,1.5673302,4.6458635,-4.4249206,2.31822,0.04797314,-1.0443765,0.710946,1.9605547,-3.1503832,1.2720302,7.7175684,-1.5643406,5.3459463
KKVWEEHLVAKGVKSSDVSPPLGQHETGGSP,1,True,-5.6596026,5.556059,-1.4429928,7.0617433,1.566608,-1.1937535,-2.1094909,-3.3693774,-7.992329,3.2090938,-3.242281,-0.18877561,-5.3510485,-5.0737686,1.3171421,-5.1978455,1.3566796,-1.0976884,4.614456,-8.406547,-3.7729015,2.6079354,-0.51615417,-0.2496546,-2.7567606,-4.3940177,-0.9707271,-5.5703053,8.176087,1.8309653,2.410832,0.15209311,-1.880545,-0.23764306,-4.2629232,2.3532088,-9.676832,-0.6028183,5.764768,-6.7670736,3.1531126,0.26459268,-0.8646028,1.6143208,-0.27829164,-3.175511,1.4694495,8.251273,-0.70894843,3.5384643
SPTQLSDVSSPRSITSTPLSGKESVFFAEPP,0,True,-6.7662835,4.1320496,-3.519898,8.239853,0.9445067,-1.2142968,-4.1178246,-5.3883724,-9.763281,5.2201476,-2.6731558,1.5631485,-4.880559,-2.5159059,1.7433529,-4.200018,4.000026,-1.8456752,4.6080384,-8.578002,-3.258309,3.6436322,1.4763424,0.5062486,-2.0461316,-6.0128093,-0.9096081,-5.894676,6.228392,2.2464607,3.6899955,1.2336682,-3.2468736,1.2500048,-7.162139,0.10694221,-9.057055,0.11653213,2.6623926,-7.3441005,2.9454875,0.64848775,-0.73807526,2.2659624,0.92694306,-2.0757992,-1.0350535,7.8188725,1.7079928,6.2998085
SADEVQGLAAAAEDWTVAKQEPSGMAEGATT,0,True,-5.4172163,3.8850226,-1.5019797,7.1805425,0.53842926,-2.151253,-3.3701322,-1.2832576,-8.927123,4.634966,-2.5164256,-1.7786086,-3.4594367,-6.1250796,2.6173978,-8.262535,0.335056,-2.0840383,6.9069414,-6.8632565,-3.2723734,4.051312,-1.0909715,2.108961,-0.43334115,-6.3209395,-2.0511935,-7.7556667,7.1063423,-1.104714,4.352101,-0.93446976,-4.7568436,-0.2908567,-3.6112578,2.851952,-11.151701,0.23375908,3.8428903,-7.3515706,4.994563,0.54360497,-0.9061955,3.1631813,-1.248499,0.2368989,0.55956167,6.167994,-2.693543,1.3540002
YKIGVVGPWACDSLFSKALPEVAARLAIERI,0,True,-6.957106,2.6441517,-1.6271827,6.555678,0.28867546,-0.48739517,-2.1530497,0.087006375,-8.942454,4.286902,-1.7499224,0.45487076,-4.1392527,-4.344063,2.2986257,-7.676601,1.1820354,0.564233,4.7171392,-6.63343,-2.6300538,4.624739,-1.5408013,-0.32148606,-0.07447886,-4.51077,0.94384944,-6.6925397,6.5372734,-0.44976893,4.3181057,-0.36389846,-3.6801727,-0.33712536,-3.1318583,1.5028057,-11.836596,-1.2547585,4.6718645,-7.046109,4.1163883,2.6779883,-2.172449,0.36083287,-0.5015036,-1.2456385,1.7736467,6.3382993,-0.12677273,2.5238242
VLFGGCTSPALLSQGSILLEHVAEMEDPSTG,0,True,-5.877187,4.1943693,-1.3370088,7.0395365,0.24021548,-1.219891,-2.1961365,-3.8310447,-9.896521,3.8182096,-1.0174922,0.5331359,-3.475618,-3.1401458,2.2168894,-7.41309,2.7689564,-0.47517812,5.519614,-6.961455,-3.4097996,4.908761,-1.7616321,-1.7773894,-0.87134355,-5.257168,-0.27762428,-6.252388,7.8787775,1.281572,2.3440433,-0.3964183,-3.2052038,-0.0856179,-4.931074,1.4731114,-9.562658,-0.15184301,5.3459625,-6.69221,5.3065443,1.1134133,-0.8574447,0.2672635,1.1368768,-1.1685344,0.9926474,7.531063,-0.47771606,4.3494935
TRAAQLCAAALAAVLSCLQHSREQQTLQVAV,0,True,-6.588745,-0.35443538,-0.98085797,8.73462,-1.6334674,-0.47229362,-3.0156066,-2.513347,-10.7720995,5.9368067,-1.4592613,-2.7148497,-3.2163398,-4.80524,1.647498,-9.116432,2.621798,-3.1252015,8.040446,-5.834258,-1.167229,3.5892506,-3.2303112,0.7496856,0.6227779,-3.921177,-0.48534626,-8.337592,6.683169,0.5252599,4.4833965,0.012951463,-4.665152,-0.90759534,-2.8609185,3.9423087,-10.317987,0.22989424,3.1314492,-7.7758594,5.8678017,1.9935987,-1.3030491,1.3507183,1.5183771,0.34932458,0.5058237,5.896536,0.24366888,2.8066728
ARQDIIPDVEISRKVYKGMLDLLKCTVLSLE,1,True,-5.493887,4.6677127,-2.0509965,7.7580175,0.92154145,2.206876,0.28179795,-2.4288123,-7.879239,2.8033962,-2.409667,0.48088816,-4.675927,-4.321082,2.8048317,-3.9815915,1.7089536,1.1028901,3.7133527,-6.7944884,-1.8175092,3.4069023,-1.3641535,-0.6118623,-3.1168942,-2.632721,1.4875363,-3.3677404,7.1499405,0.22352564,2.1470213,-0.86926806,-0.06978095,-1.0560764,-6.915565,1.8777382,-10.700884,-0.9135143,4.161314,-7.607289,3.1004903,1.3402294,-1.3625741,0.44120368,1.4273459,-2.8163483,1.0471029,7.1778584,-0.6186927,4.7946615
FGTCLQHSVSNFMNATLSEKLFGETTLVKSR,0,True,-5.693272,4.5363293,-1.0853506,6.254284,0.80012304,0.95592356,-2.4829252,-4.0552936,-9.009099,3.9288466,-2.9837165,0.22688313,-4.6233487,-2.7809153,1.4092813,-6.1584206,4.9300456,-0.6997788,2.4223683,-7.581444,-1.9323213,2.893833,0.9052178,-1.9465268,-1.9186723,-5.3066916,1.9131377,-4.2278805,7.0479636,1.1025971,2.690231,-1.0387287,-2.0568166,-1.1063194,-6.536586,2.0878131,-9.093977,-1.5556192,5.2126985,-6.6212807,4.5019364,0.026513286,-1.6498516,-0.16230029,2.0197008,-2.9367979,0.85651654,7.5710783,-1.0269167,5.548536
ATLTTSVYTPTLGTLTPLNASMQMASTIPTE,0,True,-6.412506,5.7181926,-1.0905696,7.1623573,0.371586,-1.246996,-4.3532577,-4.8491144,-10.342843,4.0531993,-1.6981604,1.3555012,-4.7442393,-2.535081,1.500773,-5.754215,2.8365116,-2.8187602,3.1167636,-8.438938,-2.5352235,5.291594,0.08968689,0.48405534,-1.8182449,-5.6512866,-0.7889489,-6.4188714,5.9665165,0.47347906,3.3963122,-0.93711823,-1.537002,-0.078642994,-7.008601,1.0642577,-9.324555,-1.1821404,3.976856,-6.34136,5.6505218,-0.33172905,-1.3878039,1.9029535,-0.31347498,-1.4858494,-0.36632606,7.094441,-0.63975155,4.1175237
SDPFVYSLLRHQYRKSCKEILNRLLHRRSIH,1,True,-8.371562,1.5475197,-1.0999243,8.756265,-1.2996571,1.3753268,0.8546889,-4.2936716,-9.183776,5.5373945,-0.5591624,0.025251672,-4.4247622,-2.1082458,1.7724638,-4.8328114,3.5210118,2.6371071,5.105791,-7.5621986,-1.2327266,2.9330938,-0.42668846,-0.6425814,-2.0021663,-2.1077774,0.59896284,-4.7403035,5.817427,2.6619055,2.588911,-0.31156498,-2.598833,-1.0283654,-6.7358217,2.1699193,-9.039061,-1.0700097,4.2684145,-7.4587965,2.0615964,2.1150987,-2.0845318,-1.1372488,2.8250315,-2.6056838,1.9228914,7.666199,1.1582991,5.1809964
YLYVPYDGYGQQPESYLSQMAFSIDRALNVA,0,True,-5.123427,2.9673045,-0.9736053,7.856766,-1.3117496,-3.082224,-1.8184574,-4.145436,-10.232157,3.4501011,-0.7012118,0.86795145,-4.0660577,-4.1901917,-0.433718,-6.715003,3.3609073,1.8083876,3.7732508,-6.882283,-2.2120194,4.393393,-0.9131956,-2.6666756,-3.2718968,-4.098209,1.3932574,-5.2206883,5.06845,0.7307824,4.0704637,0.22220494,-1.811058,-1.5055189,-6.6739545,3.1431975,-10.082737,-1.4861232,4.051035,-5.568956,5.005242,1.301203,-1.3937927,0.673631,-0.13654034,-2.7706227,0.40940464,7.541011,-1.3248088,3.7454343
LPDMRAAASLDTATFSTTEMALALNRYLCLA,0,True,-6.6546283,2.3952549,-2.0173159,5.210121,0.65212446,0.034367826,-3.5030453,-1.8329163,-10.781663,5.9447565,-1.2962283,-0.86205935,-2.7093163,-3.4936852,1.4404204,-7.9511647,1.2416018,-1.5228168,5.6322103,-7.9651933,-0.30594248,5.224485,-1.1974311,1.0117209,0.010851957,-5.8693147,-2.081414,-6.1128635,7.2859073,0.13647059,3.4161706,0.19203316,-2.523774,-1.1759847,-5.3075614,2.0496564,-10.452988,-1.6228095,3.1520855,-6.411105,4.3159432,1.2553166,-0.050607298,1.6427596,0.5307085,-0.26333755,1.5101925,8.090549,-0.42234632,3.1689112
DPDFLKQLEMSIKYGTPFLFRDVDEYIDPVI,0,True,-4.58806,4.0719557,-3.7063878,7.3703156,2.237522,-0.23170674,0.8474515,-3.25601,-9.073149,4.3843346,-1.491062,-0.079438895,-4.383295,-4.0666256,-0.18629748,-5.074553,3.1069624,3.0987859,2.3403742,-6.2699695,-0.8082776,3.7250566,0.7556608,-0.7916554,-2.5297165,-3.2144513,2.0299604,-5.1537557,6.574919,1.4393966,3.9312117,-2.9094594,-0.68159544,-0.2003659,-4.256682,1.171977,-10.356556,-0.9472352,4.4698462,-6.024451,3.9357245,0.4592926,-2.6517048,-0.26225466,1.1003345,-3.3850749,1.8869245,7.1162677,-1.3744589,4.9129014
HTNTSHVMQYGNKTISTMKVMQFQGMKRKAS,0,True,-5.3781915,5.492533,-1.5451827,8.024751,0.40332198,1.6354216,-1.2790425,-4.1842647,-9.085719,3.2392845,-1.0498663,-0.54128903,-4.6938996,-3.1449971,0.17917706,-4.265927,3.7438712,0.4890833,1.4353775,-7.970923,-4.1234584,3.9995706,0.609146,-1.3901182,-3.3211875,-5.755689,2.042916,-3.200292,6.1638536,1.6499295,2.3851612,-1.46418,-0.14550228,-0.5666386,-8.414812,3.2158267,-9.861737,-0.7641244,4.0612645,-6.4047046,4.5528774,-0.3806941,-0.7678963,0.1704646,-0.358361,-1.741335,1.1635418,6.129073,-1.5231344,4.0987344
GRELLLQTNLINYVTSIRPNIFVGRAEGTTQ,0,True,-6.675109,4.5372224,-0.5577967,6.821175,0.4387472,0.54146105,-1.2974411,-3.0942352,-9.436384,4.4288874,-2.4628007,0.30835086,-4.9677973,-3.388276,0.96742666,-6.5167403,2.154699,0.35346884,3.5379727,-7.431444,-1.7772888,5.1543775,1.7285899,-1.1481338,-1.3932934,-4.468004,1.2712502,-4.555445,5.200544,1.706058,3.2271533,-0.68583053,-1.4594327,-0.1788072,-7.1282597,0.6048288,-10.332107,-0.96341866,2.3649147,-5.8114753,4.0311794,0.70504105,-1.4347486,0.62971205,-0.07516396,-2.757264,2.0536745,7.019156,0.3283704,5.621556
PGTISTMHTTSFLASSTELDSMSTPHGRITV,0,True,-5.929697,5.6907034,-0.7758372,7.275041,1.5623705,-0.048655573,-4.048786,-4.0213094,-10.08713,5.577124,-2.2634351,1.3971493,-3.4355183,-1.8923877,1.895206,-5.22109,2.958768,-2.0417876,2.3361764,-8.610402,-3.2359922,5.284623,0.19310775,0.038278364,-1.2420576,-6.4450865,-0.43249243,-5.8793325,5.732205,2.1842513,2.4358675,0.2682779,-1.7075,-0.7994448,-7.4851785,1.0706955,-9.28332,-1.43898,5.145827,-8.004723,3.743886,1.8060969,-1.596213,2.3166168,1.1191645,-0.9710301,-0.3893459,6.4353776,-0.066405855,5.41406
SSFSHSSPDATPVMATSPRTEASSAVLTTIS,0,True,-6.3244867,5.1866083,-1.601855,8.128347,1.3110316,-1.0223031,-4.5794907,-5.4693656,-10.679704,5.551191,-2.1718736,0.3286701,-4.6466155,-2.3087766,2.8536792,-6.009064,3.2672162,-1.8962504,4.226673,-7.7346034,-2.5716174,5.491994,-1.0186051,0.61455464,-0.9017722,-7.104937,-2.1463563,-5.877475,6.681279,2.477213,3.9859788,1.7080308,-3.4522781,1.1325479,-6.1741037,1.179504,-9.882003,-0.38239992,4.806018,-8.356962,3.1874402,1.0308268,-1.7137401,4.311699,0.6691554,-1.2673746,-0.7839051,5.9157853,1.4538066,3.4197428
KVRELEEKLVEREKGTVIKPPVEEYEEMKSS,0,True,-4.1305304,3.7032504,-4.86285,8.049981,1.7679479,1.3563337,1.6980319,-3.7737947,-7.2538533,1.4923146,-4.9171324,-0.6110953,-5.048811,-6.65705,1.1303508,-2.8552544,2.4698632,2.9089959,4.6022425,-6.716567,-2.556567,2.1417973,0.5446788,1.2194405,-4.929581,-2.3774655,-0.25727215,-4.747449,7.0126824,-0.1883528,2.6582558,-1.7190702,-1.015477,2.5059419,-3.7389922,3.6025696,-11.646463,1.2152942,3.8967009,-6.0495787,4.0879455,-1.8615289,-0.47059423,-0.4174875,0.9254306,-1.6140107,1.3516062,7.4862647,-1.3188682,4.747033
AITEATKMEVPSFDATFIPTPAQSTKFPDIF,0,True,-4.4288135,5.7185473,-2.9830446,7.4517117,0.10129874,-2.0064547,-1.4068553,-3.9356253,-9.665424,4.247825,-2.4858334,0.96105707,-4.651994,-5.0611405,1.2692319,-5.0426483,3.352367,-0.55706173,2.6392143,-8.133276,-2.8216264,5.623938,-0.7788296,0.4884849,-4.555014,-5.018488,-0.43511745,-3.574863,6.7158194,0.3931832,3.2224405,-0.014742684,-1.059466,0.22094505,-6.0442233,0.6124847,-9.3245735,1.4062684,3.772128,-6.1692805,4.309699,-0.7554389,-0.40139627,1.7224023,-0.7052482,-1.6024143,0.71242136,7.1533237,-1.6122967,3.9907184
MNMPEVDLYGTVQPHTLIRQHIDYGHWYDRQ,0,True,-6.024146,4.0833807,-1.1618261,6.364995,-0.15029763,-1.2877715,-0.28328466,-3.791712,-8.785359,5.5416927,0.36801893,0.947527,-5.3589535,-4.8632374,2.5120528,-5.655515,1.4142344,1.0834546,3.978365,-6.7237587,0.08160117,3.8904212,0.6298237,-1.3639095,-3.2337272,-4.132168,0.6276599,-4.35535,5.0604463,1.1778113,5.574811,-0.11991126,-2.4828582,-5.209125,-6.4022307,1.0811751,-10.177982,0.5022132,4.225391,-5.362731,3.4058475,0.7931821,-2.721406,-1.3714004,-1.1968759,-1.3799638,0.4779551,8.254163,-0.8695935,2.7482383
IRVALMEKRMSEYITTALRDTRTTRRFYDSG,1,True,-5.396541,1.6253288,-2.8034017,6.9801474,1.7908293,-0.3802557,-0.3095825,-2.1135557,-7.9050264,3.6391008,-1.8165498,-1.3747156,-3.4072087,-5.32193,0.78531545,-5.085686,0.48957616,-1.313168,3.908661,-8.530956,-1.6071583,4.2103896,-1.9793187,0.053973176,-2.9406545,-4.1166444,-0.2307575,-6.2253203,7.7435327,0.7506079,3.4612994,0.7623848,-2.653359,-1.2087475,-6.246224,2.320559,-10.461837,-0.75011563,3.3206255,-7.2974544,3.003546,1.3277444,-1.9567175,1.0079073,1.0535965,-1.5333617,0.8853565,6.510872,-1.6358546,3.8415952
PRPLAHHKEGDADSFSKVRPPGEKPTIIRPP,1,True,-6.27945,4.9435062,-3.8541563,9.431967,0.9414065,-0.77679497,-1.1173687,-3.9812608,-9.02991,2.9216645,-2.9742627,-0.17122187,-4.908589,-6.396991,2.0196555,-6.2431026,2.0948274,2.4973764,4.7389555,-7.561222,-4.7775416,2.5476327,-0.106007025,-0.010148257,-1.8503766,-3.6113195,-2.493653,-5.37319,5.3440533,0.32850897,3.0923514,0.28518736,-3.2146337,-1.0398105,-5.946863,-0.03292773,-11.048903,2.735846,4.5902433,-6.9967613,2.7395353,2.0318353,-2.5783834,0.59822106,0.75053406,-2.3524518,0.8651664,7.738207,-0.6404437,4.224682
SGPDPQSVTLYSGEDYPDTAPVIHGVDVINS,0,True,-5.5913725,4.985831,-1.1178398,5.679063,1.261502,-3.194871,-3.19886,-2.4354472,-7.7850375,3.6729255,-1.7629405,1.7337046,-5.2410574,-3.302159,0.5199928,-6.567665,2.2697957,0.99175245,1.0903965,-6.6694865,-2.7796955,4.477258,-0.59238994,-0.12148572,-3.0724874,-4.725967,-1.331184,-6.440455,7.281266,0.262296,4.152111,0.89813656,-3.4148898,-1.5431978,-5.763901,-0.062404685,-11.018836,0.6132715,4.4964004,-6.976886,3.6331332,2.3700137,-2.00533,1.6168475,-0.43799022,-2.0752003,0.7674332,9.367071,0.026955709,3.2522333
HKDAATLEPSSSAKITFQCKHTSALSSHVLN,0,True,-5.6680956,5.2534423,-1.901284,8.912214,0.15572013,0.8805027,-1.8571396,-4.7386804,-9.184282,5.8726287,-3.5600898,0.04466115,-4.5231695,-1.6301092,1.3524842,-5.762952,3.3918126,-1.1396842,3.0674691,-7.7563906,-2.0553472,4.0107574,-0.5560699,-0.578358,-0.9778414,-3.757381,-1.1581488,-5.056911,7.444347,1.7565924,2.7542253,-0.17771645,-2.8536787,0.6504725,-7.0174704,2.1189175,-9.307988,-0.73655313,5.067032,-7.9679613,3.67589,0.33491617,-2.0910087,1.5682876,3.077213,-1.15797,-0.8515847,7.2318134,-0.49690232,4.823474
YDRPELSLGSYEFLATVDYCKNNKFPSPPAF,0,True,-6.899867,3.919913,-3.396107,8.991956,0.20685694,0.4098282,-1.4090449,-4.8709517,-8.455409,3.4976015,-2.96469,0.8442704,-4.8224516,-2.4905357,1.4482509,-5.580135,2.3112257,1.0150852,2.2048113,-7.0395517,-2.96166,3.9268725,-0.0548265,-1.5579451,-2.0170002,-4.645398,0.4294815,-4.5287523,6.7989593,2.652392,2.7553093,0.10050075,-2.3993733,-0.8520061,-7.533517,1.216315,-10.1488285,-0.70908153,3.8328316,-6.2693796,4.368022,0.52319735,-2.5153928,0.36570957,2.0894287,-2.8152947,-0.35813516,8.089344,-0.26785868,4.319887
KSAAIGGKSNAGRKTSLDGSQNQDDVVLHVS,1,True,-6.401082,5.166061,-0.7624543,5.114985,0.95668906,-1.6703305,-3.1338923,-3.3742418,-10.3456955,4.4268265,-3.4438915,0.77601206,-4.3697786,-4.044899,0.8495783,-7.075115,1.8160384,-1.0438899,2.84724,-7.062389,-4.156598,5.054746,0.5107381,-1.3700233,-1.6283199,-5.5859547,-0.026226424,-5.336741,7.2974205,2.366297,3.2050056,-0.39004377,-1.689335,-0.80445576,-5.686758,3.077854,-8.80842,-2.1044824,2.501816,-6.076836,3.704195,1.9016289,-1.2983847,1.7713851,0.096694075,-2.4997056,1.9675117,8.020712,-1.1015463,4.250254
PGSSEITRIEMESTFSLAHGLKGTSTSQDPI,0,True,-5.7140756,6.0069366,-1.310534,7.0442734,1.5747001,0.33130115,-1.9206448,-3.7403955,-9.025973,4.659211,-3.7578976,-0.39491746,-5.1220374,-3.759519,1.0961286,-4.37583,1.9143744,-0.9527731,3.405324,-8.430945,-1.8418423,5.2939134,0.49960476,-0.85684437,-3.1897445,-5.851887,0.27669686,-5.5538154,6.531476,1.8653529,1.5052246,0.09148951,-3.699805,0.3026311,-7.3051033,1.5222316,-9.853738,-0.06752463,4.251754,-6.929273,3.3777518,-0.23366797,-1.2992682,2.1998637,2.1944041,-2.7774107,-0.73195946,5.4925523,0.86620843,5.6739492
KYNCKLALSDFEKENTTTIVFRMFDKVLAPE,0,True,-5.975125,5.330344,-0.9850886,8.328158,-0.08320072,1.3898572,-0.00013841689,-2.854413,-9.005156,4.3907857,-3.3026514,0.79325694,-5.421076,-2.5606847,1.6410424,-3.6578083,4.1480436,1.8471816,2.0590544,-6.305304,-2.4641132,3.2946663,0.8133502,0.884689,-2.5213277,-5.680395,1.4722581,-4.3555994,6.427082,1.1972556,3.8315914,-0.5782007,0.051006883,0.7330173,-6.2320843,2.3803186,-10.5219965,-1.2221498,3.3658524,-6.7417126,4.8932004,0.3046474,-1.6181624,0.7655277,1.9702162,-2.8526504,0.024555728,6.9006057,-2.1533184,4.269782
SGSATGTVSDLAPGQSGMDDMKLLEQRAEQL,0,True,-5.044238,3.4711943,-2.165558,6.9905667,0.6693655,-0.7769006,-2.401624,-2.268159,-9.9030285,3.3642268,-2.3866003,-1.1978482,-4.6647515,-4.7147546,1.0400666,-6.100667,0.79713553,-0.4465535,5.342197,-7.048905,-2.668977,4.184203,-1.5130526,0.050257087,-1.4235843,-6.370555,-1.3822931,-6.6112356,6.949285,1.9898542,3.371917,-0.21272832,-4.298814,-1.4747037,-4.510184,3.2472928,-10.526844,0.6322706,3.4395134,-6.3715563,4.1804676,0.71639526,0.32058904,1.1982796,0.24681783,-0.86897635,0.17174165,6.217763,-2.5854516,3.8011217
SGQVKCLNISETATSSLGTLGWSYQACTEVV,0,False,-4.5201597,3.9192827,-0.9632137,7.408745,-0.4296055,0.7943099,-2.742533,-4.7192774,-8.37509,4.127558,-3.4262178,2.3660476,-5.539948,-2.8868992,0.9497777,-6.2318053,3.494712,-0.121033505,1.8964449,-6.6042275,-2.1630554,4.5150704,-0.36572918,-0.9472608,-1.3017545,-4.64764,-0.57944715,-4.7933993,8.31504,1.1323912,3.2098806,0.024898082,-2.4169405,-0.8880963,-6.86944,1.7147517,-9.455584,-1.738064,4.621183,-7.112622,4.767983,0.6187548,-1.2428747,0.22351225,2.1155746,-1.5048816,1.0456179,8.059584,-0.4619977,5.039862
YLEAPSSVGEDHYFRSPPPYDQQMLSPSYCS,0,False,-4.6764,3.1312013,-3.0317912,9.908729,-0.93323946,-2.6546524,-1.5991828,-5.65268,-9.292186,4.6953425,-1.2676518,-1.1045059,-4.29673,-4.423212,1.9582019,-5.071492,3.5115397,0.9043609,3.2361872,-8.451563,-1.6957093,3.4619288,-0.3133581,-0.48244798,-3.9411004,-5.2258425,-2.277027,-4.2698126,6.7355294,0.6289525,3.7565246,0.8489265,-3.2190874,0.03314592,-7.5300145,1.1644459,-10.157689,1.8270854,3.3021028,-8.574199,3.6381044,0.66153276,-3.2857265,2.0908322,1.253635,-2.4183443,-1.8145463,6.289378,1.2386314,5.1128664
KSFLVARISAQVVDYYKEACRALENPDTASL,1,False,-5.889921,2.9661708,-1.5509933,7.0259223,-0.12959579,-0.52911454,-1.4149584,-1.3368824,-8.622857,4.8853774,-1.2842934,0.86590755,-4.061084,-4.0278597,1.7818207,-6.3464932,1.5393149,0.70527744,4.075846,-6.484188,-1.6359249,4.2738714,-1.4664321,-0.45190117,-1.7739441,-4.7098465,1.6107548,-5.6937294,7.639094,0.64818573,4.6294036,-0.15221864,-4.0093412,-0.1950421,-5.2253613,1.4113556,-9.69361,-0.45904443,3.2133741,-6.532845,5.428157,1.4616619,-0.6042776,2.2237146,1.5105116,-1.5384793,1.1015579,7.325812,-0.30028433,3.8715773
FALLDGARGGPPEAFTTSVRSYLPNTVTDAL,0,False,-4.6052017,3.5610924,-2.0440712,6.9448714,0.8137479,-1.6760459,-3.7503107,-2.2470891,-8.41288,3.8186243,-2.657198,0.87838334,-4.375971,-4.102397,1.8270537,-7.2788277,0.85294384,-0.48660448,5.0814624,-8.831406,-4.0059867,5.177503,-2.0010252,-0.022006366,-1.9211041,-5.2215877,-3.4326274,-4.833558,5.763348,1.7521553,3.6051393,0.49405226,-2.6359835,-1.826813,-5.9398813,0.7895928,-11.3431425,-0.59370106,4.239988,-6.497983,3.6855297,1.6384342,-2.0281205,1.8369312,-0.3648977,-0.8348216,1.0842383,8.566045,-1.2676487,2.8802302
FSHSKSDTTLPVAITSPGPEASSAVSTTTIS,0,False,-6.876781,6.5357003,-1.0432084,7.856551,1.3455572,-1.9077777,-4.5228477,-4.9116635,-10.444,4.597886,-3.3981693,1.138707,-6.4842353,-2.0602655,2.4886978,-4.1133194,3.7503252,-2.8746762,3.5438485,-9.114109,-4.100692,5.2925086,-0.35012862,1.1402773,-1.3039379,-6.623578,-1.8837695,-6.799615,6.726558,2.1055737,1.9392247,1.0902163,-2.2945912,1.3911752,-7.8393703,0.4775449,-9.894084,-0.28630233,3.816959,-7.5069776,3.1217597,0.14281742,-1.6397157,3.9175987,0.95254564,-0.83932537,-0.46092817,6.82407,0.6571402,4.5645046
ASQVTFLCSNIIHFESLRTRTAEALNLDAAL,0,False,-6.9402466,2.9301407,-1.3233311,6.8235736,-0.887778,0.96433616,-1.0494337,-3.1738899,-8.648146,5.9672165,-2.3223624,-0.27510828,-3.453491,-3.221013,1.6860139,-5.56393,3.6612034,0.36534518,3.7289793,-6.95546,-1.4897982,4.4732156,-1.4614393,-0.87233305,-1.0634848,-4.0112844,0.24950342,-5.185199,7.069739,0.09688783,3.6857526,-0.49532357,-2.4562395,-0.8806354,-5.632927,2.2004435,-9.5039625,-0.70270586,4.672885,-7.7408643,3.7747324,1.6704634,-0.8835931,2.0729575,1.4304104,-1.3353223,-0.3136547,7.245895,0.01971592,4.049049
VQNKLHSANKGRKTNSSVKLKYSDVQTADDV,1,False,-7.0030794,4.4632597,-0.96322924,7.55669,0.86754227,0.38950193,-0.6643448,-6.0910215,-8.557756,2.4418907,-3.019525,0.19899403,-3.2990687,-2.257608,0.2972947,-2.9338408,2.5385551,-0.12694496,2.3367853,-6.719307,-3.6943266,3.8448477,2.878536,-0.849966,-3.9806414,-5.1117435,1.7806816,-3.9439244,7.4038415,0.9176982,2.5025883,-1.8497767,-0.81249833,0.61809784,-7.226838,2.4585996,-9.092028,-0.33515468,3.044382,-7.4491043,3.631914,1.0655974,-0.5422116,0.8689159,1.8372438,-3.0078292,0.42588833,7.561635,-2.6709697,5.1511326
CYETISKAQAFERMMSPTGSNLKSNHSDECT,1,False,-6.065487,3.2584534,-2.109016,6.0718584,0.027665757,-1.0051863,-1.9707727,-4.549758,-8.948199,4.910847,-2.288555,0.2379252,-4.5405536,-3.3509786,0.81753063,-4.11457,3.8736978,-0.6038772,3.2539797,-7.16447,-1.638899,3.7562757,0.3511877,-2.3688612,-3.7410135,-4.778399,0.769334,-4.6391516,6.873572,2.228978,2.9110525,-1.8877039,-2.6795628,-0.11006829,-6.8900723,2.717783,-7.4941325,-2.4672055,4.0814047,-7.746455,4.487549,-0.03476931,-0.6035991,0.882578,2.277246,-2.8083086,1.1067623,8.583063,-1.283695,5.0158706
TRVYRVQRDIPMPLVSSGVEHGNLRELALAR,0,False,-6.3058515,3.5104456,-0.39188343,7.828449,0.47359487,-1.0799428,-2.8725386,-0.91065013,-9.6974125,3.1414278,-2.0114307,-1.9537525,-2.5815184,-5.5142713,1.1323724,-6.976775,0.938573,-0.29497537,4.537427,-7.3011513,-1.252455,3.8783152,-1.6192195,-0.89671826,-0.14816672,-3.9806354,-0.22220083,-5.977109,7.3608084,0.94903547,3.3611934,0.6327706,-4.450315,-2.4479759,-4.410283,2.773775,-10.633285,-1.4756583,4.2922473,-6.7402077,3.3149486,1.7130619,-1.435556,1.1862873,-0.07961132,-0.5070754,0.83314264,6.44959,0.1045849,4.038295
ENAWGIRIYQKRTQPTVRSHACEVDPYGMPG,0,False,-6.2333055,3.529258,-2.4826875,8.097156,-0.32998845,-0.7554934,-0.5725766,-3.6209042,-8.59399,4.4873457,-1.3265048,-1.3220981,-4.7862506,-5.2549753,2.1933413,-6.199533,1.2693132,1.1321236,2.817261,-7.3638797,-1.82863,1.3123686,-3.2825472,-0.57201594,-2.5389645,-5.0622478,-0.10627073,-6.4680743,6.131365,-0.077941895,3.6364307,-1.2342206,-1.5369198,-1.8983679,-5.5280695,2.3087425,-10.435332,-0.37608856,4.402711,-5.641193,4.5929065,0.8365799,-0.549901,-0.35016024,0.07324368,-1.3574052,0.63991153,7.352541,-0.8594513,3.3757114
GPLSVDVPLVPEGLLTPEASPVKQSFFHYSE,0,False,-6.0450406,4.666174,-3.07389,7.7409234,0.22289097,-1.2948717,-1.9826787,-2.2964144,-9.392325,3.6252594,-1.5641851,0.8540967,-3.6882174,-2.6581848,1.5275162,-6.2802877,2.8593123,-0.016558588,4.149226,-6.8243284,-1.595545,3.2089655,0.06513584,0.43811485,-2.038091,-4.2697525,0.1417304,-6.292243,7.472808,0.13142823,4.821475,0.55857164,-4.8385572,0.27924287,-5.891145,0.6496796,-10.985546,0.06126213,2.4335701,-5.91202,3.9841177,1.0753179,-2.1759276,0.27720124,0.04137505,-1.8489789,-0.4372868,7.9520035,0.8331051,3.565403
ELKTTDYSVLTTKKTYSDDKEMKEEDTSLVN,0,False,-5.145325,6.6423087,-3.1856763,6.4022846,2.08404,1.4136324,1.7688029,-4.032725,-8.833159,2.717588,-3.7658205,0.5955805,-5.3374863,-2.5948114,1.417529,-2.2522802,2.672758,0.91175264,2.3681202,-5.933494,-3.623407,3.5620558,2.6892064,0.54948366,-5.229678,-4.7755313,1.9619929,-4.996906,7.422865,2.3991776,2.565721,-1.0664821,-0.4345691,1.642183,-5.828979,3.0010583,-9.57504,-0.20171557,4.663664,-6.67248,4.0657964,-1.1774814,-1.9104532,0.31940717,2.5924387,-5.7718267,0.19930148,5.8691835,-1.2613757,6.493059
TNTSHVMQYGNKTISTMKVMQFQGMKRKASS,0,False,-5.4903736,5.3541994,-1.6949812,7.877461,0.6493515,1.5247809,-1.2563138,-4.2341523,-9.549531,3.2455919,-1.2721579,-0.4489497,-4.6998405,-3.0646913,0.21571904,-4.386887,3.5691733,0.06980887,1.8041186,-8.155164,-4.285697,4.2071257,0.6094025,-1.3293048,-3.1819208,-5.756305,2.0490453,-3.1702802,6.2356014,1.6650081,2.4422438,-1.2101629,-0.31473142,-0.293198,-8.058826,3.04969,-9.803815,-0.9629523,4.2067046,-6.5405793,4.4641595,-0.42943585,-0.7126107,0.6987567,-0.35727322,-1.5261817,0.86173683,5.9045057,-1.3405929,4.177389
NFLEKPVVMEIFSLHYSTLVHMFNTELDVCK,0,False,-6.1802373,4.104393,-1.445637,7.4900346,-0.2464036,1.0963103,0.40695408,-2.7691884,-8.800485,4.2670145,-1.5309902,0.90019554,-4.431747,-3.8005712,1.3300488,-4.1994853,4.339221,1.8618734,1.3694377,-7.736165,-1.8494455,2.8662755,0.2974403,-1.1836014,-3.4498644,-3.4579504,0.7831257,-4.877055,7.875757,-0.2960288,2.7179744,0.11412484,-1.4728806,-0.07637527,-6.464113,0.8456208,-9.2083645,-2.3346865,5.668113,-7.4687114,5.209534,0.9855051,-1.2034483,-0.54352254,0.9016812,-1.8247322,1.1743417,7.2155027,1.1100396,4.6241326
DHNGMLSKEELSRYGTATMTNVFLDRVFQEC,1,False,-6.124257,4.2215123,-2.9193985,6.0851927,0.3238705,-0.07873377,-0.826282,-3.7257612,-10.022883,3.9419534,-1.5584195,-2.041078,-2.089393,-4.1368575,1.2681389,-5.339803,2.1412625,0.25983378,3.2471852,-6.806029,-2.0931113,2.7379963,1.6648707,-1.0445547,-2.9452538,-5.927326,1.152214,-4.6448665,8.639394,1.2657657,1.8408179,-0.38672477,-1.1387436,-1.555532,-5.93751,2.327997,-9.977581,-1.5404563,3.6448936,-5.8928294,3.9561446,0.9206294,-2.5208907,0.7482786,0.29891622,-1.7210515,2.1104255,6.8217425,-1.7290739,3.9889276
SQPQPSGQPWNFHASTSWYWRQSSDRFPRHQ,0,False,-5.8852134,2.8001454,-1.4322895,8.908388,0.95448804,-2.2877026,-3.4993289,-5.966707,-11.625193,5.9586062,-0.14159426,-0.8888792,-6.0755653,-4.091317,2.0382507,-6.537675,3.2650454,0.14129189,2.6858792,-7.95459,-1.0098475,3.2143292,-1.7634197,-1.060011,-3.6789958,-4.29902,-0.38261867,-4.5408506,5.9807067,4.2510867,3.5184264,2.118209,-3.458338,-2.6649985,-6.725777,0.42898592,-10.648189,2.0066051,3.7173822,-6.532337,2.867138,0.07108996,-3.1129262,1.777443,0.01285769,-3.4953768,0.79326653,6.7932386,-1.1436561,3.5075972
AEHCSIQDAQAAMRLYVMVKKEWESMARDRR,1,False,-6.09804,1.423748,-2.1677513,7.3514805,1.2843518,0.50751144,0.7520274,-2.0350296,-8.297392,4.6329994,-2.258051,-0.8648046,-3.3099883,-4.154286,0.90823615,-6.1346498,1.9660107,-0.046566576,5.2714114,-6.9170647,-1.3360732,2.8177679,-2.162221,0.4073789,-2.920408,-2.9266422,0.16507399,-7.894621,6.6691966,-0.4051475,3.0274453,0.17162956,-3.157493,-0.6439086,-4.7900305,2.7713504,-11.864094,-0.022668583,4.9135113,-4.995779,4.681754,0.82627887,0.019175768,0.9697022,1.4612701,0.09529893,2.1788442,6.9452605,-1.173935,2.8639054
RTRSRSPHEKKKKRRSRSRTKSKARSQSVSP,0,False,-8.606941,2.0119781,-5.8907194,8.905944,2.8928828,0.35700446,1.103293,-7.808131,-9.806422,4.911124,-6.3158455,-5.0785713,-4.0658717,-4.5482574,1.0997204,-0.59732425,0.6079788,-1.0691853,7.4535213,-8.408614,-5.4337482,0.60554695,-0.58854806,-0.10687437,-2.7653224,-4.227195,-0.8920851,-3.1462626,7.4715466,6.2627625,3.4591446,0.45737597,-0.9416466,2.168535,-8.583507,4.279021,-8.6831455,1.5683571,7.682997,-6.789748,-2.5374207,2.111762,-1.9128397,3.9709442,3.7256122,0.07131765,1.0538948,7.5110893,-0.5821696,4.363263
AQVFLQELEKTTNNSTSRHLKGCHPLDYELT,0,False,-6.18844,3.513933,-0.7240741,7.943118,0.107337296,0.62114125,-1.4498249,-4.034783,-8.0603285,5.4453726,-3.4017959,-0.89182746,-5.6515565,-2.0387213,0.54418,-3.6848433,4.0722156,-0.24042468,2.2268867,-7.6768436,-0.11360304,2.9574296,0.561921,-1.5873939,-2.6915655,-4.0389805,0.43029857,-5.352585,6.793245,2.8547244,2.2163355,-2.0590487,-1.1126144,0.4511601,-6.1536407,2.8521016,-9.4440155,-0.81608766,4.2451825,-7.5778513,5.2077217,-0.06311321,-0.58045906,0.9596416,3.4531624,-3.4537325,0.9119637,7.2098265,-1.0602183,5.061546
VMFTGENIPVHPHVYSNGHICLSILTEDWSP,0,False,-7.9163938,5.484293,-1.3997904,8.583341,1.823419,0.368681,-0.76926863,-3.5010238,-8.381806,3.8710077,-0.81711257,0.7437023,-3.231207,-2.1468368,2.2435827,-4.600067,3.112788,0.5464031,1.0875682,-8.853341,-2.6368282,4.387941,-0.10718379,-0.23990326,-2.0236166,-3.4364076,-0.89494354,-4.8958774,6.727641,0.34145677,3.4610038,0.35841617,-1.4783467,-2.9804945,-7.789127,-0.5725269,-9.206296,-2.4606872,3.8009841,-8.208286,5.8436565,0.8525257,-2.4493682,-2.4236104,1.8151388,-3.200149,0.32984272,6.4534736,-1.055302,4.3172116
PEEESKSEASFSEEETESLKAKAEAPKTEAE,0,False,-4.1011047,4.5575004,-4.801424,6.357696,1.9452682,1.1600773,1.2883346,-4.5912004,-8.193551,2.9966915,-4.8696227,0.3157494,-5.505298,-5.276927,2.167353,-3.3857808,4.116947,1.4149487,5.9151793,-5.5460553,-2.4025717,3.1564608,1.913806,2.3908694,-5.204362,-4.8396583,-0.5815418,-7.445156,9.865979,-0.10768758,2.3184564,-1.1370584,-3.3472211,4.7782736,-1.8276668,5.7196684,-9.950245,3.3460474,4.3291607,-6.7098985,3.3069599,-3.3984213,-0.1315772,1.6823516,2.050988,-1.584564,-0.6748887,7.4160156,0.82878655,4.6483455
LAVENALLEAQDVELYLRPLRRHIQCLQETE,0,False,-4.233683,1.458481,-1.3362074,9.142671,-0.48465472,1.289331,0.5343828,-3.65458,-9.029288,4.5781846,-1.7405448,-1.5692645,-3.6703181,-5.1603346,2.705825,-5.8162827,2.4478254,0.03471671,6.117659,-5.6446676,-0.30417126,2.8805823,-1.5765473,-0.09397368,-1.3536563,-2.780339,0.11613503,-5.9480305,6.3686886,0.24940099,3.2345479,-0.3918366,-3.4380183,-1.8421497,-3.9871366,3.0920467,-11.247375,1.1141666,4.5336323,-5.6285143,3.081169,0.9747904,-0.92689955,-0.17288738,2.366055,-1.7946666,1.2341449,7.4721875,-0.821178,4.5008554
PCTRERISMHQDTTGYACLLIQPAKKSDAGW,1,False,-5.9637117,3.9861252,-1.7387395,7.800072,0.42226395,-1.0810367,-1.5936145,-3.762429,-7.4093566,4.6463056,-0.99726725,-1.2567488,-4.3391666,-3.1483886,1.5648949,-6.5193434,2.3930702,0.10814795,5.0603523,-7.0115595,-3.7937877,3.6447742,-0.95019686,-0.45719078,-2.1673024,-4.734594,1.2199492,-5.968946,8.074928,0.7871788,2.2994468,-2.0911334,-2.3852196,-0.3839191,-5.280949,1.39373,-10.649667,-0.5555935,5.1413193,-6.730581,4.1966777,1.4861497,-1.5321972,-0.2293733,1.2232469,-2.3287668,0.770701,6.9121513,-1.1323978,3.8927114
QVLQADMLRIRTNRTTFRNRRSLLLPPPPFH,1,False,-6.9483976,2.9208136,-2.0065308,8.493542,-1.2649705,-0.4036798,-0.81252027,-3.9205055,-10.279685,4.834149,-0.7092002,-2.2601557,-4.225856,-3.2948422,2.5134687,-5.976052,2.7813373,-0.93878126,7.0658054,-8.94702,-2.9253721,3.8809035,-2.178899,-0.50388205,-2.851141,-3.1676788,-1.2359823,-4.339863,5.6939144,2.1067822,4.5735607,-0.34811628,-3.6195812,-0.42334592,-7.804912,2.218113,-9.76166,0.2151394,2.9631183,-5.6853294,3.09635,2.6636958,-1.5116532,0.7973047,0.12672102,-0.38367066,0.27038413,7.0173726,1.2486242,4.0408845
LVDIVSYQSVLSYFSSHYPPSIILAKESYAE,0,False,-6.140152,4.090034,-1.8018014,8.489912,1.0695268,-0.41478622,-0.60946625,-4.296906,-9.505044,4.9794755,-1.189894,1.8354441,-5.1173167,-1.9471967,0.811399,-4.1162987,3.0965781,1.7233346,2.386438,-8.312547,-2.3650389,4.669966,0.2619924,-2.061814,-3.3456492,-5.0959854,1.7079556,-5.0626965,5.352883,0.693286,2.722192,-0.13525635,-1.2037561,0.70006466,-7.064199,1.1683878,-9.708103,-1.7251447,4.1388664,-7.653783,4.158711,1.1439337,-1.7961966,0.7746512,0.68224394,-3.3546553,-0.24098124,5.6959004,-0.5455815,4.8376045
RKSFLVARISAQVVDYYKEACRALENPDTAS,1,False,-5.94506,2.7960658,-1.7169017,7.091754,0.018148914,-0.4410716,-1.0650303,-1.6363088,-8.551552,4.8334856,-1.4046142,0.9402328,-4.144627,-3.869011,1.560476,-6.1229553,1.5407138,0.7110604,4.013248,-6.586878,-1.8356968,4.0307345,-1.272548,-0.56271917,-2.007578,-4.629364,1.6456093,-5.516447,7.8025694,0.81817114,4.637776,-0.289002,-3.8922677,0.0058895536,-5.3157296,1.5847639,-9.636378,-0.43867272,3.5880263,-6.5347548,5.1883554,1.5280625,-0.48752418,2.2294085,1.5319527,-1.5520791,1.0777321,7.2443676,-0.53676355,3.779036
LRTSSEPETSSPPNLSSTSAEILATSEVTKD,0,False,-5.684647,6.357367,-1.882864,7.6174407,1.7404186,-0.64956695,-3.2095332,-6.3589096,-10.499935,3.8976722,-4.508434,0.94006723,-5.274734,-2.427397,1.8608009,-3.536186,4.5399423,-2.198542,3.259265,-9.649525,-2.2831461,5.077008,0.6216613,0.584195,-3.087997,-5.570776,-2.4733157,-5.742727,7.080807,1.9664626,2.5430112,-0.04686208,-3.2448604,2.8283386,-7.594197,0.92253345,-9.0345545,0.8125838,4.0065646,-8.963341,2.7594602,-0.9016667,-0.77739316,3.7144754,1.5279479,-2.10842,-1.5242897,6.175845,2.2273364,5.739823
MEEVHGSSLSLVSSTSSLYSTAEEKAHSEQI,0,False,-5.622574,4.5857453,-1.7073593,8.275679,1.9211757,1.3279867,-2.049333,-6.1751876,-10.521808,5.6332703,-4.0456576,0.8939549,-3.6524293,-2.0010202,1.7515073,-4.3700585,3.752505,-1.5165635,4.4981194,-7.5572085,-3.0412555,4.564892,0.865509,0.3393714,-2.4389277,-6.7332616,-0.2158479,-6.816048,6.7008324,1.5057192,2.4182577,0.5325866,-3.2257822,2.312867,-5.7960954,2.3969905,-8.108114,-0.3381006,4.531324,-7.97938,3.7356796,0.27090743,-0.6897322,1.3826817,2.645628,-1.68215,-0.27058256,6.3644376,0.7504686,5.7499323
VEYPLTFKPIFECVITGKLILQNEVDGREHI,0,False,-5.2760916,5.0261264,-1.1864266,8.038277,0.4773292,1.0249318,0.18664023,-2.2293134,-8.158291,2.7929578,-2.140015,1.1027976,-3.648343,-3.8060179,0.5037727,-4.2842107,3.4057713,2.508123,1.9354182,-6.5911407,-3.3389175,3.275694,2.1629221,-0.77156705,-2.8845234,-4.3500743,0.9650574,-5.469875,8.129371,-0.31535715,2.9297361,-0.82028687,-1.0576643,-0.5813215,-6.65022,0.702334,-9.386891,-1.2466217,3.802501,-5.4298697,4.6173725,0.04174759,-2.4647949,-0.25697348,0.24733832,-2.3101308,1.9402391,8.591779,-2.2180624,4.754477
VEWLKLHPTYTVDMPSYVPKNADVLFSSFQK,0,False,-6.713676,5.3089213,-2.8498082,8.484166,0.95359117,0.1796759,-1.1374187,-3.3406143,-8.923829,2.7991424,-1.8979163,0.89483255,-4.62891,-2.743728,2.1079266,-4.4783754,3.3145223,1.3644967,0.94698644,-6.398604,-2.2593253,4.7381463,-0.08526577,-0.27746186,-3.0495415,-3.8520136,0.72123826,-4.8491993,6.707317,0.39543587,2.6348157,0.51911604,-1.3267735,-2.1192029,-7.5381336,1.2219453,-10.434045,-0.9480649,2.940983,-6.0678043,5.2153125,0.14762378,-1.8095083,0.69676584,0.3709839,-2.8696837,-0.9665613,7.195049,0.36431947,3.6988683
VSVPTHPEAVGDASLTVVKLLASDAGLYRCD,0,False,-4.5088115,3.6576014,-1.5545449,7.0523996,1.3394082,-0.012774855,-2.7494903,-1.7366161,-8.290837,3.7469845,-1.8140408,0.35010034,-4.0020065,-4.963762,0.517399,-7.9594083,1.5740125,-0.18803895,4.5987782,-7.499487,-2.7111397,4.9741817,-1.8751135,0.6186327,0.57405645,-5.1585984,-0.57805204,-6.8223863,7.711751,0.12140127,3.0523505,1.6180767,-4.0281897,-1.8192012,-4.8287826,0.45692316,-11.075094,0.9606541,3.4456058,-7.1141796,6.1289954,1.5486441,-1.7857729,0.52493757,-0.32801902,-0.3971617,1.3427244,7.2405496,-0.32756713,3.517817
TSTDQPVTSEPTYQATRGRKNRSSVKTPEPV,0,False,-6.189845,4.627475,-3.3712642,7.4534593,0.15740931,-2.210567,-2.8173878,-5.268482,-8.521959,2.716397,-4.132582,-0.4764514,-4.788879,-3.5518968,1.3917093,-4.7316623,2.9048538,-0.45526373,4.811004,-9.387943,-3.9798937,3.9490497,0.3190199,1.0049927,-1.8005387,-5.119357,-1.4615455,-5.4394655,6.8497305,1.3437942,2.5491834,-0.76715535,-3.1909547,0.04353322,-7.067816,0.4248983,-9.913705,1.7213371,4.6145234,-7.072654,2.3475633,-1.3045428,-1.4301027,1.4256879,0.08539377,-1.0091171,0.5356962,7.240716,-1.3188323,5.467354
KAQQYLDMCWKQMDNSKKKFERECREAEKAQ,1,False,-5.7028856,0.9032447,-3.1037698,6.6370487,-0.6174438,0.61486405,1.5266382,-5.2533646,-7.5007653,4.902923,-2.721851,-1.0267179,-4.297681,-4.0369925,0.6763909,-4.150466,2.8929496,1.2747163,5.4281187,-3.7168622,-1.2417839,1.8404443,-0.23075587,-1.4480988,-5.3414364,-2.4885352,1.2640359,-5.94905,7.5139894,1.2270423,2.0695243,-2.4301953,-1.919953,1.3417441,-4.2801256,6.1112447,-10.487017,-1.1711491,4.271231,-6.8795414,4.8157988,-0.2556146,-0.20792164,-1.205696,3.8843565,-3.0521026,2.1303756,8.560804,-1.1173139,3.8892784
RHENYDEALRLLRKATALPARRAEYFDGSEP,1,False,-6.417241,0.78147674,-2.5766218,7.8207283,0.46891022,-0.8835117,-2.2122731,-2.6525786,-7.8936014,5.4357934,-3.0541973,-1.2792659,-3.299181,-5.965385,1.5937674,-6.07346,0.8119612,1.4044081,5.1579585,-5.125299,-1.2638334,4.1933947,-1.9165627,1.262787,-1.6791013,-4.1232834,-1.4878364,-7.169675,6.909726,0.24677406,4.4032907,-0.7484135,-3.8274035,-2.6006017,-4.969581,3.015052,-11.905862,0.43802238,3.5933306,-6.215457,2.4815829,0.3240667,-1.8592919,1.461033,1.135964,-1.368087,1.7777427,6.6109686,-0.96420544,2.133655
LGLDPKLLAKILNMSSGRCWSSDTYNPVPGV,0,False,-5.990917,4.4907904,-1.8065122,8.651089,2.349086,0.18659516,-0.9222306,-3.046077,-8.058904,3.8640397,-2.8191154,0.9105688,-5.1469126,-2.5923822,1.7245393,-5.809528,1.6233177,0.5169247,2.2458277,-7.6849384,-3.8237596,4.2678084,-0.307088,-1.3462427,-1.6131804,-4.528835,-0.24269612,-4.9020824,7.06974,1.1608397,2.6268313,1.0582769,-1.2567897,0.18901406,-5.895163,1.1081729,-10.50095,-0.24895684,4.1236234,-7.1391635,4.390142,1.155906,-1.2734282,1.1041597,1.7569908,-2.947947,1.1473243,7.716574,-0.015182197,4.3583856
TKPKKLLFLGSDGKSYPYLFKGLEDLHLDER,1,False,-7.593644,5.6601543,-2.9999583,7.166976,0.39898986,-0.31962368,-0.37894702,-3.4268115,-7.5707555,3.7421634,-2.7428675,1.5559996,-2.87014,-1.9463685,1.2337918,-4.7923884,3.0444818,2.2771688,4.2866173,-7.448082,-3.4487758,3.5708015,2.7616234,-0.45274097,-2.8886297,-5.093844,1.2591916,-4.583735,5.633379,2.2092261,2.8007877,-0.8013409,-1.3082169,0.6346082,-6.6054087,1.2495985,-9.078145,-1.3262691,5.262677,-4.918543,4.91553,0.87481195,-1.417094,-0.89518106,1.5911201,-4.8668394,1.1258153,8.3633995,-0.9699984,5.606523
SGKDRIEIFPSRMAQTIMKARLKGAQTGRNL,1,False,-6.287398,3.1620908,-0.8688853,7.3660617,0.7183562,-0.14707242,-1.8236663,-1.4889874,-7.8915243,3.9075792,-0.49505317,-1.1389356,-4.189097,-5.1507826,0.8626557,-3.5480857,1.1936378,-0.06841568,5.6133304,-8.130224,-3.635307,3.04748,-0.93442416,-0.29629126,-4.1522574,-5.164552,0.8023006,-4.1962404,6.988673,0.7287431,3.3727927,-1.3911197,-2.5449052,-1.2555834,-5.4088316,2.1633265,-9.979449,0.013885379,5.134439,-5.4053974,3.5777817,1.3242109,-0.31131077,-0.077228636,-0.3496698,-1.3676825,1.2873886,7.562497,-0.9958035,4.587675
GDNSFKDSRHLNFLTSEQALADFAELIKHLK,1,False,-6.017319,2.807804,-1.8602861,8.019386,0.54478383,-0.6251124,0.70187277,-4.3138223,-8.1017065,5.0660033,-1.5033903,0.2622838,-4.079697,-3.0668483,1.033929,-3.8174958,3.4258883,1.3127238,3.8881078,-6.90592,-2.2310154,3.1233554,1.1870351,-0.91415256,-3.6225295,-3.0863829,1.5184083,-5.0102553,5.335367,1.7518504,3.8444128,-1.7559378,-1.3447733,-0.41121858,-5.9088836,2.1876788,-9.753209,-1.2247529,3.7580404,-6.4628553,4.96422,0.54954576,-0.93010926,0.9291112,3.2720249,-3.563215,0.60745656,7.4661264,-0.80058396,4.4959955
CKNASLLLGEKTIILSRQTSVLNAGNSVFNH,1,False,-7.9273334,5.1087866,-1.0861331,8.293469,0.29154754,1.1706347,-1.6504107,-3.7640657,-10.621202,4.937352,-2.3503237,0.90866,-5.3422103,-2.0761242,1.1776185,-5.4219427,3.6910717,-0.23934543,2.2571023,-5.476751,-2.667927,5.3300185,1.1756098,-1.2107552,0.02366928,-5.7652736,1.9008555,-4.9793916,5.835111,2.6578026,2.4934402,-1.5047367,-1.3221257,0.050102055,-7.322897,2.091901,-9.477492,-2.1380227,2.775904,-5.945368,4.95502,0.79632306,-2.1342177,0.100822404,2.6030557,-3.288506,0.5761765,6.907399,-0.7405947,4.632308
IVQKMPMKLTVNSSNSIKQRKPKLLLPPTES,0,False,-5.808298,4.526048,-3.4987264,8.603588,1.392454,-1.0473237,-0.37803423,-5.468426,-11.360163,3.0670843,-3.1551223,-0.3715856,-5.4194303,-2.7462409,1.2740124,-2.6904547,4.535837,0.34719658,3.9021554,-8.845624,-2.1795616,4.2746277,0.69914097,-0.7801806,-4.195819,-4.494957,1.3267614,-3.5398777,5.887972,2.7033885,1.4103338,-1.5834296,0.27220118,1.8262038,-7.6049156,1.8732735,-9.514743,-0.33740053,2.6296306,-6.6559324,4.6547203,-0.90224075,-1.1512307,0.8048956,2.354239,-1.5101827,-0.21587177,7.111234,-0.5005102,4.5361547
SIKIPMDIMEQQPFLSDSKPSDRERSPTFLE,1,False,-5.90502,3.200691,-2.6554012,8.955306,3.367354,-0.66720366,1.0434409,-5.4862804,-10.698395,3.2332823,-3.4093997,-0.9512767,-4.0965543,-2.9033604,1.4499636,-2.9583352,3.167163,0.95043933,4.0604997,-7.782517,-2.7823057,3.1630764,0.08296585,-2.0099144,-4.517313,-4.4386683,-0.38062426,-4.4118524,7.1884565,2.6584408,3.525515,-1.4592935,-1.9725084,1.892212,-5.5323052,3.8168104,-9.295303,-0.15746753,3.7297108,-6.427284,4.1777463,0.1985904,-2.297636,1.0695184,0.6589853,-2.2916646,-1.2979989,6.494246,-0.5603698,4.9861226
IFRKLRNAKGEELGKSSDLEDNRSEDSVRPW,1,False,-5.886928,3.845151,-2.8656576,6.623285,1.4508725,0.7712076,-0.12421438,-4.189745,-6.951418,3.47602,-4.5997043,0.28789213,-4.550516,-3.691741,-0.43314672,-4.2895765,1.1346716,2.9942305,4.7084537,-8.05453,-3.0042546,3.4970853,1.1030272,-0.2964446,-2.8643472,-4.5980783,0.39139923,-5.383841,6.991989,2.648158,3.7760375,-0.3650965,-2.3308074,-0.6115656,-4.7410254,3.4353232,-9.819604,1.1717081,5.241695,-4.598788,2.3134253,0.14501551,-1.3775526,0.5967248,1.8784308,-3.2222114,1.5850694,7.649904,-1.2325503,5.3600845
HKPGSTPEPIAAEVRSPSMESKLHRQALALQ,1,False,-5.9930305,3.273725,-2.7068534,6.6215754,-0.4085945,-1.6798699,-2.5380273,-4.1772738,-8.317593,4.8663235,-3.0981598,-1.8290253,-2.7728035,-5.1362333,2.8240805,-5.5789514,2.3504937,-1.71499,7.088047,-7.6747646,-2.9354725,3.705978,-1.8205127,0.6253023,-2.305577,-5.507214,-1.8180765,-6.1925483,6.3763256,0.79735047,4.696056,-0.34088704,-4.22284,-0.11371185,-5.57788,0.4374674,-10.160411,1.4861852,3.8069823,-7.2123594,2.91506,1.2382909,-1.8431759,1.9926674,0.087321915,-0.6404019,0.54557055,8.047429,0.10036211,4.0903163
SVRSTLSESMQLDRNTLPKKGLRYTPSSRQA,0,False,-6.212877,3.6174343,-2.3991592,8.316177,0.85993505,0.0046082735,-1.760021,-4.9677114,-8.821999,4.316108,-2.856418,-0.4324798,-3.7524889,-3.0585666,1.6346418,-4.463373,2.8399622,-0.4061134,5.0153637,-7.782985,-0.93329775,3.466464,0.29214966,0.03098844,-2.3373172,-5.099747,-0.026097428,-6.103686,5.421288,3.180826,3.4680793,0.33343768,-2.614744,0.28251556,-6.2307334,2.428291,-10.0574665,1.2634677,4.7556963,-6.329196,2.3649151,0.57243127,-1.5010942,1.0037267,2.1485255,-2.311838,0.08168866,7.2457995,-0.30533668,5.386926
PVDEALREAMPKVAKYAGGTNDKGIGMGMTV,1,False,-7.3774295,3.9751942,-1.8886085,6.293389,0.9481117,-1.9812229,-1.1056926,-1.5614468,-8.891473,1.1255226,-2.1146207,-0.3537482,-3.0846326,-5.6361446,0.620971,-6.403327,0.4517201,0.29605806,3.702289,-6.451894,-4.001442,4.6326647,1.1345733,-0.15839496,-1.317039,-7.698358,-1.2286129,-5.6782184,6.830866,-0.12723808,1.0500124,-1.357942,-2.2816646,-0.89455867,-3.773972,2.3820374,-11.243499,-2.2122734,5.231401,-6.9745045,4.3871365,0.45966268,-1.1347934,-0.3888035,-2.5346956,-1.0036284,3.66806,6.46174,-2.3650455,2.2726905
QGGPPVAQVEQDLPISRENLTDLVVDTDTLG,0,False,-5.237691,3.998857,-3.1240392,7.5682616,1.0510488,-2.215834,-1.5447787,-3.6205907,-8.78902,3.2374876,-1.7120821,-0.2849149,-5.4404683,-6.1290116,0.18927816,-6.636607,0.5329494,0.18365923,5.012351,-6.886901,-3.2632728,4.6761346,-2.4247286,-0.119093835,-2.3501754,-4.230234,-1.0900745,-6.576596,6.6989317,0.90610826,3.0226247,-1.1103758,-2.0240793,-0.9910805,-4.8270736,1.8028843,-10.601195,-0.36100513,3.3072433,-6.588163,4.226905,1.5111678,-0.7901395,1.4629806,-0.2376631,-1.6067412,-0.78409624,6.8966355,-1.2228265,3.775835
MQFFNYVMRKVWLHQTRIGLSLYDVAGQGYL,0,False,-4.306972,2.7980063,-1.6186843,6.778898,0.5339451,-0.5473671,-0.71716106,-1.0759687,-10.881844,4.777441,-1.00139,0.37855995,-3.546378,-3.6546993,0.38268697,-5.587833,1.929372,0.84609425,2.7981505,-7.6382885,-2.1870472,4.684021,-0.56829214,-1.3888696,-0.90569353,-4.904829,2.3724134,-4.8446546,5.885815,0.8175086,5.436663,-0.074861035,-1.1018691,-2.0440874,-6.4965334,1.3681878,-11.189936,-2.6581807,4.8827043,-4.890774,4.6268497,1.7997099,-2.384273,-1.3140894,-0.785284,-2.1541111,1.2630477,6.8176394,-0.9469058,3.48906
TSLASASGSFPNSGLYGSYPQGQAPPLSQAQ,0,False,-6.650914,4.2997437,-1.3826641,9.437141,-1.6015717,-2.8367348,-4.4603143,-5.602191,-11.196081,5.1595464,-2.1559036,0.4506123,-4.5993614,-3.0051284,0.14627863,-7.256359,2.4060977,-2.1627896,4.503611,-8.155123,-3.5783062,4.336104,-2.2428048,-1.3655696,-1.6841562,-7.0502043,-1.655057,-7.0318627,4.4786596,2.6963613,2.272532,-0.2057825,-4.4488053,-0.3758952,-6.67828,1.9257224,-10.212809,0.39209896,2.3046615,-6.6070924,4.594295,1.3079609,-1.8336709,1.9597058,-0.97565556,-1.2153386,-1.3914901,5.872155,0.25196213,3.996826
TSSPPNLSSTSHEILTTDEDTTAIEAMHPST,0,False,-6.786696,5.435141,-1.5452725,7.6199102,1.3806226,-0.00010344386,-2.2917697,-4.8343434,-11.284246,3.72292,-1.9071388,-0.31784493,-3.906381,-1.3702145,2.576021,-3.818713,4.4409556,-1.1470196,1.9897153,-7.69692,-2.705454,5.773275,-0.25863317,0.64923275,-2.8895004,-6.250201,-3.2655582,-6.609203,5.901232,1.4910002,2.459314,0.97942436,-3.1850832,-0.013159916,-8.054008,1.6893604,-8.691371,0.05558437,4.669072,-9.309722,3.5810163,-0.84269804,-1.9503886,2.1704578,0.8594724,-2.7339697,-1.1904658,6.146005,0.63117075,5.2979527
DVRNSEVVAIKKMSYSGKQSNEKWQDIIKEV,1,False,-6.307077,5.3291206,-0.4361192,8.124343,0.53740937,1.2181816,0.67496914,-4.322685,-9.013091,3.5572255,-3.1557846,0.8338042,-5.428942,-3.4671497,0.021314355,-1.5801321,2.331847,1.4649043,1.766799,-7.9951096,-2.787541,3.1940315,1.1863844,-1.613501,-4.635577,-4.503981,3.8433416,-2.760717,6.648943,1.1844705,2.0557868,-1.2106274,0.21922359,0.840401,-6.58887,3.2917159,-9.414457,-1.3417411,3.793054,-4.9524646,3.4301088,0.34760576,-1.4012663,0.8952397,1.778518,-2.51614,2.2734575,7.0714846,-2.3210576,5.450058
CGLLLDTRTLEVQSDYSSYARTSIRASLTFN,0,False,-5.955682,2.8372152,-1.4744438,7.585059,0.64298046,0.6683774,-2.5007744,-4.1525216,-10.499476,4.9960566,-2.0063918,-0.6259699,-3.8690817,-2.6722333,1.4829446,-5.9506707,3.165405,-0.5787159,3.6869066,-8.326623,-1.7788537,5.187134,-0.27774867,-1.6565528,-1.3708053,-4.0417438,0.12419258,-4.5820975,5.9791636,2.0708103,3.53842,-0.12492677,-2.486448,-0.76393104,-5.5944448,1.8031092,-9.83519,-0.46032625,3.8689756,-6.4229093,3.7456834,1.9651878,-1.8464129,0.34821108,0.9058678,-0.99735916,0.26386884,6.3600674,-0.82868177,5.4890537
RILKFHSGLLLGLYSSVAIWYARLQEWDNFY,0,False,-6.0980325,1.6251359,-1.4346833,9.132521,0.6240655,0.729751,0.045296192,-2.5934896,-9.440762,5.983174,0.13579229,0.8802854,-2.293596,-4.210533,0.051849764,-5.4846954,1.9412377,1.0148655,3.322848,-5.953352,-2.329771,4.4214873,-0.31773666,-0.91325575,-0.85786116,-4.6984816,1.8456211,-5.585692,5.372234,1.459925,3.894671,-0.06588075,-1.7209382,0.14037502,-7.4938188,0.82018566,-10.9745035,-2.6656547,4.213584,-6.880541,4.224245,1.9999233,-3.4126656,0.052730963,0.1471856,-1.3585329,1.3079041,7.268739,-0.123208225,3.399552
IQRQVKEINSLQSDFTKYLTTADSSLLQTNI,0,False,-6.1733313,3.856878,-1.1676031,7.9734426,0.030395161,0.7136295,-0.82186633,-5.1335597,-10.123357,5.0830007,-2.288813,1.1112158,-4.6990814,-1.0590442,0.93825257,-2.7911031,4.400985,0.8358058,2.5933645,-6.6415863,-1.5894071,4.85866,0.4005045,-1.336672,-4.193611,-4.231094,2.013904,-4.3212957,6.3243,3.7203789,3.583204,-1.1011935,-1.4258561,1.7712194,-6.4228673,2.5663488,-9.558653,-0.82916087,2.4574513,-6.7695694,4.8275747,-0.22540013,-0.6086588,0.75460166,2.824637,-2.8294241,-0.19981658,6.1844983,-0.34537497,6.3333964
GTSGDHDDSFMKMLRSKMGKCCHHCFPCCRG,1,False,-6.6495967,3.0632045,-1.201783,6.6506424,-0.13264534,3.9234571,0.42744043,-4.072156,-5.355882,5.253099,-2.6990376,-0.37581795,-4.221254,-2.0706878,1.6980306,-6.4700203,3.188098,2.1308,3.6645443,-8.258166,-2.7842495,2.2180758,-0.17325735,-2.3278008,-1.4268969,-2.224584,-1.1000963,-3.681967,10.779791,1.8189201,2.050632,1.2408779,-4.14712,-3.3118906,-7.359437,1.1376344,-9.289483,-1.2790914,6.629487,-7.988852,4.4301805,0.6248594,-1.5107294,-1.4922855,3.9768608,-3.2523715,2.459854,7.841017,-0.5153905,4.087888
VRCIRFDNKRIVSGAYDGKIKVWDLQAALDP,1,False,-5.7176,3.4282777,-1.7482653,7.562961,0.9118358,-0.24919325,0.9034803,-1.2630777,-7.6609325,5.2413006,-3.9500268,0.120245956,-4.6397715,-2.8853986,0.44094902,-5.8779716,1.7052549,1.1210479,3.1470845,-6.91243,-2.9240148,3.4227836,-0.45713142,-0.30446827,-1.9896721,-3.8179789,1.3111176,-4.149509,7.423721,-0.12413876,3.418188,0.064722106,-1.2327971,-1.3217961,-5.169767,0.5997895,-10.154881,-1.2388904,6.1808157,-6.4859586,4.0255713,0.9529209,-1.0891799,1.6421832,0.3950452,-1.7173724,2.0081632,7.6039963,-2.3565695,3.1070983
LKELLPLAEADKVRLSYLHIMSLACIYTRKG,1,False,-6.2896223,2.7878613,-2.5512686,7.521067,-0.77990204,0.2114073,-0.44791788,-1.9785026,-8.407398,4.0450554,-2.631384,-0.51207316,-3.3509514,-2.9889185,2.8183506,-5.3862205,1.9520835,-0.187543,3.7933786,-7.661584,-1.1488687,4.094094,-1.6454995,-0.6935737,-1.4758451,-3.388314,0.14808084,-6.65238,6.6407905,0.70436716,2.2019467,-0.51039326,-1.2894168,-0.40446186,-5.031667,3.0098636,-10.681058,-2.348885,4.080983,-6.9220243,3.4040775,2.049011,-1.6215817,0.025664996,1.9569536,-1.1713455,1.7301508,7.4832253,-1.6082578,3.3572183
ATGVDAICTHHLNPQSPGLDREQLYWQLSQM,0,False,-6.003869,2.2977328,-1.5121586,8.869851,0.028735511,-1.3016553,-3.3573596,-3.8712945,-10.2281275,5.1001415,-0.31537703,-0.47329783,-2.767284,-3.1210186,0.86778945,-6.2966256,2.8168714,-0.14897496,5.1766615,-4.576225,-2.0930321,4.2017155,-1.9297636,-0.8777412,-1.5824664,-4.5345306,0.2642857,-5.798742,5.290645,-0.581999,3.4093363,-0.3826747,-4.0616517,-2.1375995,-4.8365426,2.2896304,-11.341599,-0.021729685,2.9555507,-5.5850687,4.95396,1.78157,-1.4982377,-0.42425072,1.0543718,-3.2641246,1.1034544,7.7763724,-1.112358,4.3088713
GRSTSVSSASSYLWSSSFSPTSSFSASTLSP,0,False,-7.219235,5.7537427,-1.6333904,8.536355,3.1948905,0.7857449,-4.9998612,-7.277266,-13.061088,6.9523973,-3.6322126,2.9360313,-4.8125353,0.7392807,1.5557109,-3.5227094,4.486931,-4.2718296,2.702271,-9.608768,-2.8563242,5.826309,0.18757741,-1.8387567,-1.2240087,-6.741171,-1.716348,-5.5746646,6.3103194,5.081415,1.8738607,1.8382766,-3.7019393,2.1543887,-8.56397,0.99172074,-8.078709,-0.90822035,5.5364246,-8.845611,1.9979552,1.036491,-3.1372564,4.9419613,3.5552254,-1.6880035,-2.5193987,5.968796,1.1627544,6.2051754
ARAGIDDMSMENKPLYQMRLLSEAFVIKGLS,1,False,-6.984778,3.4032896,-3.2602453,7.2126007,1.3349348,0.99247074,-1.8459007,-2.9627178,-8.486606,3.564825,-1.6378756,-0.744737,-3.2202406,-2.7253175,1.0976508,-5.690978,1.3593557,0.90691483,4.4873953,-6.674743,-2.1886528,4.960608,0.4588726,-1.4614075,-2.5636675,-4.4100633,1.4870288,-5.0772905,6.0783825,1.0805718,3.264957,-0.37125546,-2.1869102,-0.49801642,-4.848217,2.5001388,-11.24897,-0.68319565,4.8596473,-5.375297,5.380175,-0.13064969,-1.6313487,0.28718042,0.27679193,-1.1144651,1.7766083,6.3373694,-1.6868813,3.2269356
WPLFREQLCRRTCLFYTIRAQAWSRDIAEDH,1,False,-6.117298,0.6982348,-2.5341036,8.502326,0.1691106,1.3061488,-2.20851,-2.0616958,-7.9017043,6.022882,-1.2445271,-1.2574999,-3.2151074,-3.64125,1.2570865,-6.982291,2.2279391,0.5146036,6.8270698,-6.465794,-0.17416187,2.1081598,-0.50168097,-0.4502796,-1.4607295,-2.4693766,-0.007963754,-5.518115,7.4424787,1.070268,3.5510695,0.8345121,-3.0452325,-2.5661278,-4.8376045,3.5446296,-11.1117525,-1.377681,4.3965955,-6.314509,4.1955028,0.5142249,-1.5518534,0.27818468,2.3688014,-1.6146729,1.6919103,6.149547,-1.132737,4.636832
PSNNDEKSEMSFPGRTESRSSGLKLAACSFS,0,False,-7.1157813,3.6377592,-2.3799975,8.512108,2.9635456,0.524765,-0.64039785,-5.584119,-9.537503,4.433792,-5.1775684,0.4791861,-4.497257,-1.8683751,1.4594321,-4.4208765,1.5227749,-1.1387095,3.7155747,-7.172865,-2.6953337,4.8745656,-0.42133886,-0.75798607,-0.5288241,-5.6761174,0.1591528,-4.7005568,8.496421,3.7976913,1.9597409,-0.5557965,-2.1575599,-0.6834091,-7.578838,2.8934586,-8.586243,0.42969,3.916809,-6.6246357,3.211684,2.0131404,-1.7357788,2.1255143,2.4071567,-3.0149117,-0.019065589,6.548691,-0.16698802,5.192429
DLQIGCKQLRILKMQYCTNISKKAAQRMSSK,1,False,-6.388231,2.0673258,-1.7830759,7.8673186,-1.4204915,2.149776,0.24705265,-2.9709344,-7.01784,4.544957,-2.9126217,-0.9266082,-5.0953603,-3.1178107,1.2474571,-3.5332253,3.4425426,-0.04121676,3.5365224,-6.895917,-2.0155196,3.3117008,-0.12366468,-2.618904,-3.5186079,-3.9259572,1.2334782,-4.283777,7.113995,1.5756493,1.1814879,-1.323385,-0.80729455,1.7676139,-5.8191233,5.0370336,-9.353158,-1.3359982,6.149738,-7.8205633,4.2197585,1.1117029,-1.3308489,-0.6319659,3.0034742,-1.7824069,2.1933646,7.3293543,-0.9645234,4.806319
VWAANMSSSSAGSKDTPSYQSMTSLHTSSES,0,False,-6.265265,5.498134,-2.6934376,7.98289,2.7785788,-0.60556746,-3.7428467,-6.2695546,-11.834308,5.774295,-2.4029849,-0.2500171,-5.4091573,-1.7905613,0.6743238,-4.4098845,4.1634088,-4.2142186,3.4726605,-8.805352,-3.8612647,6.2507467,-0.7606633,-1.3103471,-2.330435,-7.6756873,-1.0401235,-4.84777,6.853978,3.9427285,2.5990317,0.8468947,-3.46424,1.2272394,-7.5454803,1.8696812,-8.082521,0.54432374,5.436944,-6.4928956,2.969665,0.02746205,-0.7698082,2.636002,1.9077616,-2.2073917,-1.1011472,5.4959927,0.04202515,6.200363
LSSSSMMSESTQMTITTQKSSPGATAQSTLT,0,False,-5.839581,5.5031643,-1.6151749,8.384946,1.8638182,0.0038633198,-3.711159,-5.311604,-12.257626,5.986276,-4.0951695,0.49273217,-4.167283,-2.156346,0.76077443,-4.8200827,4.5952673,-4.3886886,4.772058,-9.551972,-3.507818,5.738085,-1.6141386,-1.327232,-3.1141787,-7.4236608,-1.6779227,-4.9354568,6.54337,3.5192766,1.8406391,0.055145606,-2.86807,1.9669338,-6.7011,3.0317504,-6.5500345,0.9198003,4.6083517,-7.791239,3.5002642,-1.1078982,-1.1287191,3.705978,2.0474262,-1.799156,-0.14883246,5.2571487,0.1323815,7.084462
KEITKITQTIESCLLSIVNPEWAVAIAISLA,0,False,-6.400091,5.3137774,-0.5052644,7.8967524,0.64814246,1.0119733,0.04642959,-0.7244835,-9.89531,3.8410316,-1.4957453,0.5707221,-5.6714787,-1.5802917,0.8664652,-4.683298,3.7678885,0.05627887,3.1709867,-6.949136,-3.5115995,5.2368965,-0.106528156,-1.0174149,-2.0895448,-4.9038324,1.8613594,-6.923174,6.669811,0.45765415,2.5502033,-2.0574358,0.06918961,1.1600283,-6.0922456,0.58327615,-9.533976,-2.2401266,3.9608178,-6.298474,5.8131323,1.218271,-1.9856791,0.11274655,1.9365833,-1.4927188,2.8577626,6.7236004,0.23696475,3.9373887
RLVITPLTDRIYLTLTQALSMYLGGAPAGPA,0,False,-5.946615,3.1769295,-0.6321827,7.2088118,1.4573613,-1.7371997,-3.3840046,-1.0197523,-9.224019,4.4613657,-0.2618975,-0.14580682,-4.3159966,-3.944996,2.6432965,-7.8557367,1.366777,-1.1357981,4.4043374,-9.140187,-2.982469,4.0716414,-2.1921082,0.6496384,-0.04317405,-5.065944,0.044167876,-7.142953,6.5207562,0.20931512,3.0904598,-0.39145663,-1.356215,-0.58833313,-4.409217,1.0613197,-13.286101,-1.3680178,4.500732,-6.3442373,4.7145796,1.2584612,-1.9534692,0.8570584,-1.2571503,-0.24229622,-0.5770426,6.2182126,-0.029456452,3.3285804
TIPAMMSALRMVWIISRHYNKDERMIPLMER,0,False,-6.690999,3.8935468,-2.697114,6.39293,1.4520857,0.33802065,-0.20387553,-2.0679646,-10.256137,4.162003,-0.021123916,-1.9157122,-1.9209708,-3.6628156,0.6498143,-4.424435,1.727968,0.25941187,5.2552266,-7.833347,-3.1152084,4.6446023,-0.6752712,-1.1582508,-1.7499514,-3.9890568,2.0539532,-5.9042535,7.0180626,1.1373714,3.7232037,-0.64885914,-1.8543597,-2.2346978,-5.9732504,1.0915529,-10.041226,-2.1830544,3.032377,-5.621429,5.4516325,-0.83963084,-1.7495463,-0.34740782,-0.34467554,-2.1823673,2.9906836,6.657713,-1.2158726,2.7774668
GQHETGGSPSKQQMRSVISVTSALKEVGVDS,0,False,-6.100917,4.3474874,-0.7100737,7.584109,0.90378577,-0.4189774,-3.175589,-4.1257167,-9.094063,3.480839,-1.9717636,-0.5281254,-5.592373,-4.082884,0.40884104,-4.454396,1.4856185,-2.3543005,4.9140534,-8.363891,-3.4886868,4.261561,-0.964875,-1.5874417,-1.625638,-5.996581,-0.08336344,-5.5004153,7.380403,1.088846,2.976991,-0.7794035,-1.9245307,-0.1250979,-4.0036807,3.4799726,-10.152729,-0.18123776,4.037447,-6.920537,3.445844,-0.027762212,-1.7552361,0.67097545,0.00919503,-2.4806561,1.0034195,7.105008,-0.6526555,3.6890347
EMLVVLPKLDGSLDEYLSLQEQLTDVEKLQG,0,False,-5.002526,2.8838868,-2.1981046,8.290885,0.88735926,1.0588359,-0.35031065,-2.8776975,-9.717227,3.5317106,-2.452907,-0.040716775,-3.5212662,-4.817131,1.8019748,-5.8819966,3.434152,0.5084982,5.070685,-4.8538857,-1.1853497,3.767578,0.8396689,-1.1000435,-3.6955771,-3.5268912,1.6982105,-5.809081,6.467148,0.48366302,3.3129103,-2.5795715,-0.7340788,0.24203743,-4.5629315,3.1360712,-10.322363,-0.037571706,3.7409892,-4.908099,4.1109805,-0.6422556,-1.1474671,1.246232,2.0431519,-2.419726,0.93661314,6.722218,-0.37792632,5.39879
DKEITSANYAGVCTSSVIKEENIDQPGYCYL,0,False,-7.3116536,5.1623893,-1.1383024,7.1480546,-0.8759598,0.872532,0.057982564,-2.8755338,-8.004401,3.3019698,-3.3758283,1.2748138,-6.010818,-2.042838,0.80344,-4.422002,2.9850097,0.702109,1.8368988,-7.316413,-2.4734826,3.5452433,0.8868276,-1.8012787,-2.9593756,-5.3112254,0.6353696,-4.8708405,7.3688745,0.8811234,1.3417704,-1.0325019,-1.1210538,0.070239194,-6.98815,1.779997,-9.585296,-1.2445325,2.8536499,-7.797777,5.637947,-0.52248895,-0.2231112,-0.056358963,3.8386853,-2.895835,1.0695771,7.9543056,0.7205033,4.6629305
FRLFITIYKDALKGKYIENLDNITFTESFLS,0,False,-5.7029495,6.6570077,-3.638138,7.587341,1.148739,1.5069832,1.3516504,-3.6633558,-9.754042,2.664078,-1.6661526,1.9669852,-3.9571753,-2.6862805,1.4568945,-3.0864553,3.364917,3.1186032,1.6454952,-6.039993,-2.4442768,4.1898355,2.0183659,-0.75967145,-3.5572112,-3.6564713,5.038143,-3.1990778,6.6532993,1.3313081,3.466282,-2.4363012,1.1266612,0.24212167,-7.959531,1.9733872,-9.112678,-1.6677616,4.6983113,-5.559876,3.6213615,0.2973659,-2.3885598,-0.083218545,2.6783462,-2.7604365,0.49616122,7.4866467,-1.098015,4.7752733
EDLHRGSNLPSPVGNSVSRSGRHSALRYNTL,0,False,-8.233457,3.3466096,-2.101135,8.24171,1.2981366,0.45649222,-3.4624403,-5.3260307,-10.104031,5.356714,-3.6318593,-0.46337238,-4.034746,-2.2308629,1.0765221,-5.541937,1.5570248,-1.372233,4.5515876,-7.7757435,-2.6427085,3.0166626,-0.8784346,-2.1151862,-1.0281277,-6.0697136,-1.5350503,-4.5112166,5.5651097,2.490067,2.8471925,0.34329578,-3.3427477,-2.270781,-7.099386,1.3123062,-9.125071,-0.31044257,3.7638896,-6.661091,2.2336726,2.5894768,-2.9956036,1.6276088,0.28712904,-0.4704613,0.5967586,8.092038,0.35901827,5.2568445
TKVQTHKPYLVTFDLTDSGAIVAAAAEILQC,0,False,-5.875205,3.98537,-0.74457675,6.967056,-0.7910415,-1.2754514,-2.1037087,-1.4404285,-8.195777,5.437629,-2.3278909,-0.41285157,-3.0668125,-4.917594,1.6667331,-6.885588,2.6723592,-1.4734328,4.457164,-7.8826942,-2.951588,3.6273468,-0.5756504,0.31342286,-2.121045,-4.969424,0.011242665,-6.821573,7.9312153,0.49186105,3.3824131,0.14436865,-1.361626,-1.4607425,-5.215869,2.0601277,-9.993008,-1.0969464,4.611926,-6.8612185,4.428929,1.1569417,-1.9535195,2.365836,0.7306899,-1.1375294,1.3100877,7.0148325,-0.42992496,3.1654298
TENVDVRVVRGCSFQSRWRRQVSGTVREKFV,1,False,-5.5994577,3.0597432,-2.761976,8.373119,1.8413948,-0.081898734,-1.0405906,-2.07269,-7.2536693,5.2102633,-2.3977435,-0.4636533,-4.419442,-4.3536267,1.0931137,-6.7943006,1.2482586,0.6711058,3.6922472,-7.0908604,-1.3640094,3.0030456,-2.9110513,0.3688416,-0.48909554,-2.032372,-0.745424,-5.777871,8.316524,0.027260076,4.0898643,0.08561665,-2.4967506,-2.0683327,-5.227221,2.0735135,-11.376698,0.437615,3.8439066,-5.6532245,2.2335007,0.6552151,-0.13952601,1.1008327,0.95524395,-1.2110552,1.0645299,7.6929083,-1.0730021,4.5761833
RTFDRALRALPITQHSRIWPLYLRFLRSHPL,0,False,-6.440797,2.2191226,-2.699991,7.4770527,1.3388088,-1.8764825,-1.2262731,-2.2587686,-8.831136,5.5326195,-0.5499003,-3.049754,-1.5189462,-3.8370283,2.0045085,-6.4788837,2.3879867,-0.23834072,6.0177994,-7.422413,-0.8654429,2.801206,-1.5954078,-0.41209462,-1.6596726,-3.0862465,-0.5213062,-4.9261246,5.831804,0.16920498,5.762135,0.89816976,-3.2939463,-2.2662854,-7.073813,2.0118499,-11.3579035,-0.29303676,4.094659,-6.8943596,3.1753473,1.1390842,-2.542851,-0.18164334,1.2366785,-1.7674344,-0.59053206,6.166882,-0.9382211,4.659998
SGEPGAREERPRPHRSHSKEAAGPPEARSER,1,False,-5.5610485,1.2956201,-4.640038,8.371836,0.6443104,-2.0970786,-2.9494705,-3.1316788,-8.082991,2.4907641,-3.186351,-3.4769278,-2.1948185,-7.2442265,1.2148271,-7.020318,-1.3896652,-0.5891927,8.875941,-7.220946,-3.2941325,1.6754751,-3.125147,1.1144265,-1.8684177,-3.9240124,-4.4775977,-5.949505,7.4412584,1.7836858,4.1840386,0.7573232,-5.3379164,-0.18274766,-5.8117657,1.8286729,-11.781656,2.5857751,4.83196,-6.4695506,1.6130885,3.0613053,-2.557538,1.5936043,-0.033484846,-1.8878863,0.49890766,9.007478,-0.22586305,4.00711
